754
395
174
632
361
100
89
146
393
486
802
224
199
112
434
473
783
264
261
762
227
528
546
118
491
523
585
993
582
899
236
199
998
696
452
149
82
566
260
987
261
764
538
293
651
228
346
109
876
580
437
823
137
944
926
433
27
370
653
908
844
816
125
883
501
831
808
239
558
177
842
796
316
625
18
260
468
911
693
630
358
324
141
419
253
59
143
957
610
130
67
635
152
156
868
829
627
189
238
249
498
401
599
296
531
489
310
337
21
171
128
911
249
285
818
377
434
445
113
158
763
152
37
226
800
429
748
626
724
589
218
784
289
418
782
315
271
809
800
287
931
805
807
132
761
986
279
670
28
850
223
920
570
79
201
765
445
694
938
301
748
300
257
536
160
576
973
450
474
508
990
675
458
193
182
273
354
935
185
413
153
998
295
935
715
52
474
191
477
459
306
81
615
741
166
748
35
815
782
295
505
631
572
376
509
276
816
587
784
641
914
19
802
269
834
816
930
954
940
893
772
31
104
28
457
572
413
377
133
826
598
368
401
117
636
124
88
728
514
204
375
939
616
236
694
210
487
46
699
477
300
19
693
967
880
730
70
174
11
66
490
71
952
592
612
491
468
496
416
33
8
722
747
849
758
915
46
507
777
285
58
826
757
836
381
104
805
277
858
694
611
637
295
640
42
123
912
156
279
707
193
741
550
32
248
320
25
37
561
314
43
401
555
644
115
517
96
148
396
66
26
713
305
444
552
387
294
389
848
884
769
775
14
95
695
74
435
515
732
926
705
348
674
94
938
767
498
745
680
560
945
302
560
306
337
731
24
26
905
874
79
928
631
497
804
202
361
836
238
455
163
537
826
157
826
824
651
16
95
565
844
64
528
196
57
21
592
911
988
26
423
767
363
547
468
508
342
636
126
219
902
903
666
715
705
386
847
52
834
107
581
461
262
80
596
464
913
423
681
652
431
63
539
534
78
218
236
846
400
807
627
201
367
200
374
520
393
517
836
652
708
842
696
452
386
28
90
814
133
140
824
374
894
149
98
237
166
624
171
840
736
593
83
988
774
749
626
395
87
18
446
886
107
300
669
888
189
440
966
490
799
422
498
608
572
256
88
415
606
201
998
809
983
564
860
527
709
394
722
241
935
967
449
485
180
66
87
714
555
759
468
752
388
211
282
527
302
36
425
192
418
874
736
595
60
933
568
878
985
100
434
382
692
959
857
221
811
882
858
465
255
599
464
413
633
527
548
518
511
500
497
476
37
230
565
147
409
48
316
901
47
574
679
733
35
318
34
907
149
96
731
351
277
162
301
956
464
901
924
42
52
446
611
263
565
426
162
836
626
545
276
440
609
549
820
219
55
535
7
393
748
406
956
961
739
54
600
768
623
729
839
831
296
724
317
502
261
161
274
275
468
164
155
531
989
540
669
796
540
656
661
413
285
483
939
954
498
141
269
551
696
888
784
312
576
428
641
244
577
159
937
524
714
221
399
107
661
487
471
259
384
835
944
249
125
160
604
879
896
692
584
949
65
453
179
843
607
216
540
60
69
777
411
442
457
575
882
907
751
299
285
421
292
309
140
11
918
219
337
932
361
847
308
540
332
924
733
401
298
93
801
916
733
522
813
490
669
776
689
167
157
683
651
14
870
834
620
734
838
744
840
724
784
674
583
521
663
186
160
689
557
143
341
24
813
887
986
504
841
290
623
995
205
108
5
665
298
70
253
679
63
298
180
812
306
137
331
393
548
690
458
261
947
658
237
266
497
203
30
87
777
211
674
763
746
657
80
955
436
605
995
568
199
853
177
176
626
56
605
519
649
433
831
841
752
170
979
831
621
866
814
628
530
213
748
819
375
294
591
839
526
571
730
318
424
773
52
755
725
291
96
975
489
322
409
323
370
987
59
724
781
65
157
227
8
653
954
640
586
320
78
99
327
732
998
654
152
439
456
290
167
902
882
285
335
466
742
869
330
577
3
300
229
339
167
487
374
959
968
652
366
122
626
264
425
740
490
211
249
799
713
273
939
828
925
965
753
612
185
780
430
455
909
499
289
645
544
797
9
639
537
317
510
233
622
573
40
638
99
937
529
208
444
147
805
83
630
68
58
452
319
515
250
219
446
765
965
194
629
897
20
881
779
710
88
680
326
284
425
352
197
36
451
974
156
917
674
517
41
900
966
895
363
295
241
783
2
702
957
206
289
342
20
233
608
67
23
179
606
730
983
772
396
281
330
62
405
467
885
159
497
915
497
384
209
284
40
473
452
546
518
30
272
73
932
411
149
705
311
735
75
842
935
312
92
146
932
795
387
824
515
69
291
772
199
780
821
573
290
611
218
910
474
526
271
950
345
594
150
210
636
135
728
946
221
222
120
205
156
73
987
841
544
763
260
979
203
622
236
639
268
258
638
733
742
464
40
912
966
204
22
884
802
336
1
27
780
675
845
580
646
477
16
226
207
861
893
892
843
562
873
190
849
858
509
763
895
10
585
700
440
107
426
562
749
317
683
740
777
315
543
533
365
995
910
878
933
247
741
939
690
109
632
61
574
271
603
468
791
992
46
958
618
308
182
56
961
899
224
767
959
754
681
291
39
285
154
226
685
509
863
725
620
74
173
633
871
829
275
532
283
13
2
729
969
476
486
258
458
493
815
569
795
60
849
11
743
865
326
793
188
539
630
541
837
389
757
885
207
72
706
207
912
117
128
506
425
541
46
340
900
279
129
901
264
77
113
95
585
883
472
433
797
412
231
518
681
979
435
959
922
44
653
770
560
829
975
556
901
140
817
82
555
390
84
360
314
32
382
477
17
998
740
899
421
374
630
22
101
240
859
425
877
844
461
831
401
96
328
508
89
477
476
185
27
685
322
702
567
851
772
423
403
782
988
206
511
563
414
609
91
743
106
63
316
870
193
644
909
723
225
270
794
436
323
60
624
480
650
482
609
824
286
251
403
1000
782
260
976
329
749
353
152
972
563
222
826
716
187
724
114
889
325
446
948
949
978
127
710
276
437
473
260
157
377
100
965
167
589
170
163
506
141
691
992
156
850
458
107
828
497
3
858
566
336
439
186
779
509
310
697
324
609
159
189
812
170
487
653
640
14
299
245
467
979
964
207
130
563
871
909
640
821
413
355
727
975
758
32
156
167
797
150
549
617
543
959
938
98
510
951
278
996
285
841
24
50
487
25
426
811
720
753
45
11
647
807
335
397
358
236
466
277
112
343
122
809
854
911
187
32
430
128
101
931
97
988
845
944
680
787
969
293
330
725
831
801
531
860
890
982
132
7
507
547
748
697
168
86
688
881
667
639
956
666
650
167
182
402
278
503
539
671
530
565
736
341
794
81
511
933
109
830
140
232
33
941
291
441
938
355
272
808
494
50
251
258
208
477
62
678
151
628
164
978
442
624
863
884
234
1000
518
862
100
666
226
1000
737
510
283
961
764
868
3
424
160
70
303
420
971
383
710
436
555
243
111
785
828
912
387
15
67
90
412
946
914
157
897
582
711
843
159
38
723
949
861
478
429
974
420
500
672
932
753
105
624
87
617
670
684
172
592
65
376
435
757
543
171
291
422
475
279
472
571
709
594
827
97
206
416
504
862
535
259
421
852
409
400
438
701
119
887
653
913
87
527
814
166
768
187
353
892
86
781
897
259
712
662
929
340
227
367
502
826
679
383
304
27
735
761
298
622
582
584
825
955
997
66
129
921
633
879
826
264
481
965
217
132
981
274
860
842
929
612
398
858
841
184
568
689
448
429
520
274
977
332
443
65
174
783
854
44
462
987
490
254
936
147
382
952
246
482
22
326
742
877
385
220
650
827
633
739
895
577
100
445
378
798
463
680
398
424
537
114
35
794
389
209
400
107
98
589
985
203
517
389
947
60
638
731
156
963
976
845
360
633
993
793
23
731
265
412
650
698
160
127
787
96
456
302
388
160
954
278
760
160
612
387
815
718
32
155
933
260
967
715
305
25
164
107
930
678
126
776
189
993
941
391
836
257
134
177
321
432
201
631
273
126
616
747
843
431
138
536
959
675
93
328
195
77
505
976
1
675
649
201
205
138
477
934
609
402
235
85
827
781
565
12
271
168
27
546
622
347
145
663
496
547
139
920
685
137
876
331
791
983
391
379
795
710
100
897
231
455
628
71
725
692
784
178
461
434
387
323
281
190
41
74
42
625
247
689
137
617
129
112
775
197
258
897
61
212
270
898
216
371
452
883
556
113
407
59
993
649
220
756
787
276
149
663
155
616
156
317
923
265
307
211
687
169
528
217
287
431
415
39
993
514
743
860
915
369
910
925
990
792
264
623
62
992
83
761
69
724
846
152
888
884
608
776
114
616
804
572
820
851
874
523
662
409
713
271
95
502
305
331
79
436
637
928
190
104
949
820
998
714
617
448
691
400
386
796
875
926
299
929
865
779
404
858
467
451
31
32
531
156
651
393
610
728
854
316
680
943
736
580
641
789
842
895
97
71
813
689
16
485
295
858
801
461
489
32
212
756
36
42
795
185
777
315
394
864
23
287
336
704
823
773
850
634
876
873
902
590
343
645
460
804
935
59
121
499
100
730
333
745
84
738
565
496
663
829
379
377
549
117
81
464
744
132
28
44
460
699
157
737
114
851
267
260
180
218
652
26
379
706
211
973
124
852
962
573
905
132
369
503
59
521
855
836
829
819
869
664
276
937
442
324
355
767
513
355
515
848
343
774
352
854
360
53
270
667
993
531
210
194
856
900
381
319
927
734
275
760
528
593
482
7
562
179
6
813
586
772
769
428
277
4
576
593
993
468
449
260
292
16
31
573
12
790
856
957
997
99
758
614
545
171
434
912
105
938
167
465
218
700
18
808
307
166
279
487
699
775
438
882
319
166
101
184
385
753
751
557
180
135
98
777
852
99
398
449
130
413
65
752
765
374
856
321
268
888
904
836
176
49
523
203
519
370
989
631
995
408
550
596
193
669
362
437
116
676
764
406
906
472
257
341
279
599
921
227
757
344
864
604
813
126
66
465
975
200
406
742
414
519
49
757
951
459
907
711
767
82
567
426
884
254
699
915
180
882
664
737
602
881
859
156
263
627
690
616
980
836
34
474
22
923
381
405
483
484
137
369
40
426
531
274
77
437
643
720
776
323
729
328
670
151
533
254
840
235
148
413
746
210
463
261
247
119
437
832
496
427
272
113
667
127
245
57
504
183
813
167
215
655
585
796
653
333
810
944
646
298
630
324
140
342
246
389
93
743
221
233
259
798
188
674
644
182
496
852
618
258
756
781
453
665
754
600
612
969
213
101
211
445
163
225
47
804
710
861
596
112
65
758
951
935
784
872
215
946
928
343
630
360
605
852
894
958
363
729
663
293
460
977
685
520
679
839
622
616
882
289
216
590
958
224
809
604
665
447
712
616
193
398
113
974
588
858
103
689
165
722
73
254
145
601
375
829
135
619
413
381
981
525
806
27
791
678
148
583
883
900
612
467
440
884
431
200
597
626
482
159
302
216
983
368
56
983
588
715
398
424
265
41
764
774
624
269
17
906
533
493
865
993
261
735
56
494
106
42
987
688
324
506
537
183
108
975
63
17
186
723
136
235
310
270
403
94
171
896
926
328
824
450
537
28
360
73
157
271
897
272
252
440
585
81
922
451
309
151
792
937
668
923
825
72
279
905
646
219
420
327
156
134
720
770
549
832
761
292
924
260
94
566
570
190
30
205
133
919
789
372
536
829
325
359
758
890
553
551
920
984
101
702
70
854
665
209
130
57
892
165
680
281
181
399
585
902
285
564
695
1000
457
962
187
696
395
585
818
743
175
26
478
312
619
586
817
652
232
786
452
547
926
87
525
642
371
977
303
997
84
746
931
161
324
573
213
814
753
224
905
152
478
423
316
58
555
94
39
54
641
907
374
826
329
278
416
34
604
622
910
29
765
994
230
639
771
632
201
764
75
421
184
164
98
930
654
911
975
791
207
269
111
63
894
138
866
959
275
845
907
388
836
244
390
824
666
902
33
177
148
36
540
630
682
661
301
855
616
708
973
360
170
432
814
73
78
256
278
61
484
473
333
589
619
485
505
793
421
394
667
538
315
916
186
223
843
896
174
953
397
806
839
453
357
777
140
670
299
823
703
805
231
344
661
150
607
741
540
888
851
566
941
696
527
399
320
138
7
288
55
422
874
960
411
259
477
565
18
267
768
779
250
274
886
943
808
635
46
158
201
369
222
894
34
560
999
977
474
726
83
602
428
193
883
110
459
133
389
64
215
714
91
376
492
448
711
193
577
328
58
525
782
473
884
944
334
316
997
814
180
244
386
282
770
837
812
780
69
528
434
677
676
304
398
850
455
644
765
491
893
1
192
223
429
83
912
598
782
473
270
378
466
874
896
51
605
479
104
86
76
759
743
265
440
945
686
405
361
889
373
209
839
786
804
159
900
100
486
453
70
507
382
930
640
148
698
194
704
260
428
600
363
886
248
480
4
393
439
670
36
636
809
30
532
735
650
953
278
127
691
968
777
253
801
56
442
757
819
747
904
862
756
767
280
26
673
533
319
363
157
408
374
592
63
815
983
131
725
217
6
25
154
836
715
261
194
66
724
153
439
257
824
298
404
453
686
366
222
277
67
829
59
758
282
833
986
56
21
84
850
491
706
909
239
813
618
534
535
131
19
101
386
513
684
348
40
16
696
895
956
475
380
10
158
30
27
852
775
692
626
332
21
52
893
423
654
598
327
883
706
527
761
556
929
487
730
552
299
723
540
144
510
628
447
253
450
612
447
181
825
984
193
929
578
598
539
812
260
996
336
82
624
90
107
794
391
6
619
618
18
802
869
869
801
748
544
148
67
250
289
430
860
743
102
485
420
703
888
263
12
179
769
101
748
361
925
684
248
179
854
85
73
810
183
43
831
631
74
577
68
693
436
541
676
455
510
645
929
194
999
701
35
358
413
433
276
886
211
741
921
306
276
239
892
605
6
670
430
320
513
65
675
402
382
630
566
978
317
309
763
539
254
201
827
618
313
275
610
735
274
146
452
190
556
91
814
241
878
488
330
348
474
360
194
212
42
524
357
732
430
361
647
982
640
855
786
83
593
197
163
295
212
614
848
124
151
204
533
105
747
575
933
886
377
898
205
887
892
699
429
3
317
981
976
455
57
500
27
908
784
388
898
986
406
806
686
607
556
943
27
273
473
591
597
27
425
267
402
103
616
104
347
536
264
349
780
171
237
59
3
962
666
916
93
132
245
236
876
109
669
617
932
765
788
35
557
903
415
199
835
784
74
550
577
618
208
509
541
173
736
993
180
665
36
784
782
817
971
207
684
559
798
284
646
177
720
279
1
653
974
266
486
871
726
217
957
323
475
456
616
864
654
601
332
180
633
790
242
606
958
752
613
820
92
813
267
697
417
128
734
642
987
288
941
326
432
982
411
896
605
796
697
962
611
711
959
176
518
929
509
414
912
910
248
654
411
304
41
258
379
745
759
282
969
908
156
43
948
433
653
533
17
267
275
662
212
888
79
48
847
364
707
540
511
946
851
378
702
817
466
719
962
702
552
993
109
940
681
929
558
116
617
5
76
435
268
585
763
895
274
193
39
373
231
926
741
906
977
19
393
651
906
779
770
860
214
178
610
58
846
892
754
254
690
805
42
414
878
877
373
977
627
671
347
478
150
904
8
177
646
207
177
988
391
741
615
311
11
633
461
619
776
304
236
848
29
944
13
297
510
672
118
689
975
46
686
636
52
356
666
20
919
567
106
839
795
638
590
449
438
916
449
291
827
769
776
560
613
995
172
912
143
13
586
955
352
857
236
779
941
319
81
174
887
746
895
303
51
3
889
816
320
13
899
695
675
316
402
866
278
658
305
799
647
304
918
916
452
309
178
703
917
158
928
556
426
98
725
26
427
929
45
472
502
400
63
857
243
596
278
496
476
865
984
650
848
693
852
407
631
957
788
500
975
660
738
553
252
484
599
770
551
642
670
620
157
459
528
733
336
804
424
760
308
3
678
77
599
808
513
769
515
207
965
22
296
116
565
169
34
907
962
548
210
740
201
232
737
440
282
489
702
962
781
734
112
28
511
843
248
725
738
213
870
492
346
793
172
380
476
433
87
492
817
700
713
986
560
625
964
571
442
952
393
673
943
389
559
514
606
18
103
809
9
943
115
643
399
881
143
608
522
636
439
603
697
286
208
544
177
626
876
234
692
958
781
966
411
593
122
63
839
700
7
614
419
540
46
982
254
273
644
698
597
23
351
172
301
486
971
762
46
992
84
455
979
38
701
947
861
751
767
312
712
911
149
18
349
208
156
74
950
287
752
56
888
13
202
242
466
608
246
517
725
878
256
534
332
350
198
22
114
610
777
576
738
757
741
928
169
525
560
690
993
997
255
340
503
170
668
129
972
400
812
163
664
392
61
44
578
72
268
626
828
63
268
748
555
707
283
941
965
65
582
883
563
56
597
76
526
763
897
615
270
265
50
698
309
19
326
901
73
33
91
522
417
353
429
304
543
309
234
99
276
272
891
577
169
773
318
603
889
419
342
638
940
249
788
525
998
122
15
461
207
469
446
565
699
37
862
671
569
495
976
247
153
93
474
264
751
926
661
997
140
855
702
267
939
218
830
544
41
746
716
39
93
584
307
532
112
757
534
894
198
333
343
22
354
228
39
867
184
904
975
279
859
682
285
985
519
650
139
975
424
182
114
512
402
134
924
508
82
960
702
713
313
531
988
955
489
186
606
414
120
167
392
883
138
361
664
605
123
891
944
911
401
666
988
228
424
515
965
914
959
63
700
531
615
981
498
162
92
602
652
231
452
87
76
479
245
582
562
979
419
154
385
826
175
379
774
814
867
875
92
848
385
448
331
321
884
942
271
679
678
16
260
768
592
115
622
933
760
672
815
94
68
691
602
134
294
740
413
483
656
674
523
260
838
735
127
247
650
380
85
494
91
209
882
533
135
625
380
147
543
840
139
491
50
402
663
158
961
418
67
934
42
731
216
425
537
167
44
872
400
937
561
931
902
105
178
196
694
76
696
924
822
628
563
486
192
627
763
374
238
56
7
164
318
204
804
435
517
460
719
609
880
363
303
379
669
770
801
431
296
207
606
653
114
792
554
10
667
722
491
386
216
530
874
873
768
567
326
463
560
643
107
230
534
628
994
905
147
99
34
706
474
263
100
784
669
319
980
188
982
355
955
686
251
981
786
313
347
362
945
31
93
359
925
674
751
329
943
977
348
525
729
347
103
185
468
827
644
357
894
7
718
457
103
207
539
853
930
439
139
167
216
953
655
164
287
330
175
62
282
887
260
726
211
644
100
831
180
320
795
567
426
729
742
26
650
191
916
228
158
376
933
707
248
736
876
47
503
794
241
207
263
351
127
114
67
545
52
230
894
85
767
328
935
148
59
392
866
860
58
64
858
607
941
410
805
952
63
475
897
621
482
984
506
925
913
251
557
744
356
450
646
157
922
316
958
540
25
697
17
857
145
773
579
129
638
744
954
317
660
725
543
40
477
437
286
302
30
367
557
931
807
199
234
588
49
160
893
406
67
607
140
82
165
350
580
906
621
193
661
547
319
792
799
766
615
226
705
772
490
842
584
214
474
401
356
639
441
944
422
654
845
815
358
603
258
447
602
821
357
233
920
166
132
769
868
485
219
106
557
405
969
199
241
350
193
147
609
832
844
142
848
936
492
373
933
601
236
509
631
472
715
723
488
739
183
323
978
262
133
699
606
612
407
906
396
23
287
979
53
349
312
760
396
959
940
101
747
206
383
979
409
620
146
765
561
757
260
234
6
504
955
815
210
261
464
736
190
813
208
131
700
393
695
658
616
712
696
835
581
616
247
741
635
496
479
969
582
359
183
867
427
669
439
19
339
941
48
341
770
43
753
169
913
488
447
263
807
366
804
803
286
282
8
816
98
990
125
141
413
304
940
329
293
938
613
988
607
62
275
683
44
670
198
343
153
694
66
179
941
983
621
784
876
712
78
344
561
402
897
427
32
297
607
752
480
346
586
860
631
414
390
632
792
162
474
818
576
511
318
347
343
948
535
456
569
14
798
287
628
146
182
472
140
807
852
149
257
811
481
96
874
16
707
816
163
658
338
383
610
111
222
114
600
628
853
110
866
569
194
555
663
584
841
96
700
887
927
260
827
566
479
508
403
551
223
285
936
67
97
136
459
387
869
789
252
929
932
613
171
851
783
600
279
128
646
383
678
243
524
864
491
666
40
612
421
34
358
38
691
904
980
34
286
30
129
455
119
192
527
802
624
50
769
785
103
288
200
777
716
201
24
789
483
73
287
395
85
114
253
452
817
718
710
744
496
4
709
988
166
644
571
538
468
576
597
882
835
266
107
698
419
260
181
679
25
168
408
407
895
92
550
885
237
497
20
192
117
121
516
265
948
418
99
527
757
739
309
984
639
642
508
518
815
728
616
107
864
962
216
723
798
277
86
829
627
12
17
357
153
713
380
865
893
6
28
294
125
127
431
246
456
830
975
352
771
713
221
557
565
908
3
418
632
335
10
167
55
613
658
874
223
816
952
209
462
51
841
155
296
798
541
345
257
608
663
326
653
132
425
640
290
178
868
274
383
888
268
815
942
485
906
245
580
803
492
188
658
343
479
617
972
77
261
116
742
324
881
314
223
836
838
240
741
183
511
333
32
259
418
994
259
315
350
376
172
468
724
694
901
547
786
158
907
377
153
555
980
528
320
906
86
52
833
889
882
865
258
808
511
412
390
235
162
985
154
145
803
217
164
236
659
38
452
293
26
693
223
355
134
261
592
24
429
186
783
960
523
273
670
671
535
696
862
134
528
452
337
346
325
349
40
41
145
106
284
969
133
5
977
559
136
962
783
249
954
41
410
961
590
926
218
350
837
65
949
320
199
367
815
904
349
908
572
10
602
787
844
144
544
589
605
828
390
385
7
377
103
53
752
831
646
394
471
353
229
469
966
981
85
631
121
527
864
579
492
98
938
855
536
548
726
177
789
749
237
655
636
324
481
595
99
46
568
17
948
812
939
583
927
255
854
288
51
859
258
676
276
13
726
176
606
827
861
549
159
998
576
456
883
454
572
229
329
75
198
209
707
603
835
611
875
724
940
349
880
952
79
5
24
528
489
650
327
567
239
158
670
548
123
655
343
659
587
505
28
881
670
580
720
457
696
829
237
984
805
667
452
657
594
753
644
694
47
699
177
701
920
126
918
666
659
761
605
918
140
586
898
652
763
550
1000
636
951
729
443
798
389
382
653
156
808
660
276
308
460
493
24
505
6
451
34
21
19
993
816
205
113
772
414
1
762
893
14
590
644
795
720
338
278
65
284
756
630
58
892
701
733
868
703
855
699
872
272
392
23
429
205
275
879
619
355
555
702
403
639
205
219
104
752
521
374
793
40
660
549
351
672
486
341
502
83
603
620
481
115
95
795
334
784
339
658
131
543
671
931
396
511
603
240
331
814
910
208
266
634
178
828
311
796
738
56
61
343
744
501
115
23
55
836
651
836
442
165
961
901
72
5
501
617
941
278
344
880
774
520
151
161
896
485
759
589
909
483
157
688
244
554
480
816
828
909
534
237
957
925
88
913
74
729
514
233
543
682
611
33
708
379
181
534
779
150
818
557
460
648
91
553
689
503
70
930
512
146
228
672
486
590
43
574
442
50
199
396
133
512
136
133
468
20
64
232
159
8
147
81
402
126
43
671
621
583
400
369
265
432
760
977
594
444
968
626
12
804
151
422
819
60
747
104
611
415
259
641
480
618
104
222
99
982
297
334
98
687
738
528
219
425
319
323
421
971
378
224
354
740
775
74
5
185
137
398
692
80
163
645
882
279
581
358
316
966
672
272
293
347
272
366
537
572
581
531
50
734
838
412
915
316
395
557
814
292
436
323
36
92
508
769
409
98
420
838
536
336
581
980
83
750
894
676
471
26
406
36
7
786
510
570
128
322
238
674
500
305
602
547
302
398
817
16
592
624
810
739
644
763
700
700
142
654
592
591
426
529
205
819
687
147
616
254
719
506
77
350
602
452
686
170
326
154
135
455
309
333
308
55
987
272
264
452
155
621
403
75
501
363
326
691
789
477
710
236
275
358
459
484
443
641
100
860
353
77
49
554
715
869
429
64
986
973
222
897
581
808
914
876
452
727
39
953
223
916
222
120
57
820
413
297
436
939
345
486
650
450
397
316
805
899
633
632
772
13
65
7
74
483
792
646
836
550
306
944
415
187
459
102
972
119
391
768
610
703
559
66
462
925
613
818
408
908
468
717
189
884
222
689
509
737
51
757
161
662
868
133
451
167
577
474
305
364
37
86
55
161
596
613
48
330
709
783
689
420
866
34
66
743
73
684
665
175
743
989
629
938
168
931
445
292
317
104
91
30
138
94
896
293
211
827
4
846
842
967
842
567
80
858
142
481
934
779
932
202
94
155
135
550
883
159
266
798
105
180
950
201
107
437
177
350
71
457
967
204
672
640
656
752
344
355
86
518
200
875
488
339
725
113
544
391
945
589
846
728
819
410
735
537
291
703
270
953
815
257
764
368
555
403
855
645
368
328
941
346
220
607
387
393
193
556
702
352
925
616
613
255
670
543
761
275
519
335
442
11
820
336
784
55
710
879
67
208
787
444
831
386
381
524
887
342
77
185
148
597
156
236
35
583
694
749
561
729
475
769
819
101
723
43
198
508
262
725
407
654
781
53
449
1
408
173
209
320
397
170
423
299
802
742
579
996
311
977
330
242
195
578
332
558
537
572
106
931
862
468
265
378
970
6
334
475
449
575
781
249
813
85
682
812
946
18
787
306
61
760
784
327
562
598
472
896
40
728
369
768
763
662
124
986
583
723
346
741
795
829
607
581
561
636
786
334
353
203
462
92
189
932
768
214
812
304
628
296
710
628
583
640
9
975
107
536
366
784
931
586
915
52
131
570
470
868
978
109
594
718
807
175
289
442
269
938
391
709
629
490
694
258
926
886
131
500
804
825
661
776
570
38
357
279
517
226
414
354
54
523
131
542
203
807
847
87
428
119
869
952
221
882
436
760
564
302
79
568
457
761
455
657
37
805
317
923
424
114
151
961
347
534
422
968
871
224
962
741
472
410
107
558
649
892
237
488
213
948
70
432
551
492
472
198
775
964
78
84
906
702
588
964
140
313
807
255
173
733
150
986
421
861
292
666
629
179
979
632
852
629
503
760
242
93
132
243
189
278
116
765
853
506
137
385
86
537
123
592
106
291
207
112
592
967
405
337
957
276
684
315
477
668
132
571
406
825
135
628
306
359
133
890
343
537
506
554
980
472
974
534
778
190
202
525
108
265
970
494
685
379
115
548
829
598
249
229
719
372
437
165
346
644
283
688
218
913
164
781
74
300
556
990
425
770
953
579
102
737
990
334
113
323
436
193
159
29
196
819
1
410
739
738
130
80
450
467
531
524
649
373
285
529
968
219
418
891
162
760
849
706
598
148
644
962
163
189
31
255
399
449
760
214
604
831
165
575
664
294
446
687
503
869
512
697
543
602
515
484
968
590
369
64
406
909
684
410
756
203
866
327
567
658
71
485
668
521
392
101
311
702
703
517
857
43
392
122
252
606
279
162
103
107
371
879
273
437
579
120
211
665
108
218
55
627
940
27
255
122
366
151
35
366
618
619
67
882
752
391
837
524
561
313
643
434
307
860
964
567
199
120
405
746
136
347
276
487
177
180
785
727
171
480
138
867
979
390
473
214
725
677
363
224
455
85
832
734
235
610
923
551
18
893
325
786
210
302
394
915
4
812
815
156
236
868
709
592
550
816
311
555
41
670
749
93
3
785
563
973
577
686
697
162
489
317
647
669
398
279
4
994
391
766
179
741
45
688
923
794
286
765
530
653
987
928
173
575
218
891
982
290
433
442
723
972
568
586
479
287
889
898
807
713
367
111
347
47
176
782
350
252
49
11
868
792
644
782
992
379
376
637
759
945
310
740
812
800
467
313
113
604
399
612
207
619
304
659
874
196
539
749
139
203
841
92
251
959
746
69
953
37
321
924
65
61
84
680
946
226
326
501
761
216
498
673
663
813
518
822
196
489
914
750
814
2
380
269
978
720
113
424
669
544
65
931
160
460
592
304
470
919
349
284
820
455
393
691
860
451
77
796
101
203
760
47
394
462
596
554
229
542
44
747
168
425
84
920
976
881
397
338
311
379
323
704
428
693
21
224
385
232
641
728
777
748
393
42
380
683
934
590
184
237
415
66
814
859
798
685
318
536
599
665
471
961
198
910
727
374
148
75
468
808
326
215
133
370
370
286
759
92
950
319
992
154
559
442
66
363
283
791
228
165
299
121
307
206
521
226
872
470
298
200
335
64
191
837
155
663
406
820
825
37
280
23
703
239
199
566
440
236
630
514
624
68
565
975
95
981
327
503
171
961
505
164
926
316
458
557
433
337
746
122
716
291
208
571
707
41
339
290
182
27
245
321
685
937
519
902
14
859
669
243
853
867
976
841
766
903
49
333
770
570
952
811
180
994
250
743
239
340
40
610
206
131
674
193
975
776
895
410
373
844
775
992
488
120
608
142
59
421
810
119
314
376
671
707
894
325
225
990
279
12
850
579
573
745
26
590
210
45
745
463
951
626
130
867
50
100
319
564
833
867
455
144
373
373
401
311
166
505
867
398
527
933
475
264
46
488
793
316
459
468
448
850
345
900
776
407
438
140
993
425
307
125
29
580
208
103
186
386
792
225
450
905
171
356
818
102
142
565
684
31
284
714
880
454
23
956
22
794
767
98
225
328
662
494
560
422
989
697
22
96
943
57
316
308
328
675
184
479
601
468
621
786
139
513
230
808
269
174
999
750
596
963
939
485
733
435
980
532
202
494
938
765
855
999
523
298
33
79
163
473
586
568
160
83
475
230
973
362
950
503
401
920
902
60
907
100
349
239
373
176
618
428
978
190
310
636
580
41
89
477
438
167
142
677
667
300
271
757
554
394
638
51
71
708
954
151
87
10
298
975
247
679
489
886
616
350
558
455
659
787
990
415
614
14
305
368
201
481
878
970
56
347
979
629
644
814
933
985
152
50
696
950
485
276
779
48
675
305
284
57
996
29
524
466
166
889
654
613
870
960
969
642
155
906
519
41
470
529
785
327
612
313
578
857
621
541
21
405
124
620
363
289
371
747
861
123
515
836
522
311
653
627
469
319
192
577
143
564
95
562
956
763
710
777
485
787
193
732
393
51
281
82
472
513
68
24
38
396
576
803
49
67
876
343
535
590
578
838
910
58
573
733
769
315
315
664
324
817
671
886
837
853
190
543
327
437
971
225
156
875
673
10
78
332
557
400
962
220
790
941
553
790
682
14
852
281
134
34
340
871
457
647
388
991
206
55
475
266
140
891
786
538
987
126
70
855
413
826
250
243
119
184
28
133
435
808
978
651
675
177
601
208
516
202
842
197
13
239
777
580
522
839
875
87
473
18
204
791
680
112
387
401
233
669
370
970
332
97
309
283
295
539
478
432
140
781
459
187
839
426
437
838
739
180
382
269
688
907
630
585
402
232
289
840
329
215
256
330
305
579
939
359
118
315
168
420
813
954
11
797
401
556
258
724
465
453
340
71
67
796
309
400
671
444
776
678
610
59
330
968
766
346
239
602
98
469
147
232
387
742
207
183
807
442
621
819
777
157
314
675
942
361
240
913
147
41
333
701
489
419
363
993
934
244
37
879
833
894
906
591
354
933
993
261
540
671
274
887
448
65
45
748
310
766
281
231
826
810
867
891
873
677
944
145
87
940
145
652
175
41
443
238
206
498
775
43
236
399
140
771
960
789
599
77
910
175
821
247
680
101
901
250
639
52
461
778
212
277
47
372
223
530
207
904
578
282
436
845
4
374
56
92
366
556
542
972
371
953
224
580
712
236
361
272
150
261
93
547
400
100
363
27
309
934
981
217
556
617
700
927
535
497
650
437
566
356
13
460
944
263
69
11
368
12
251
432
466
547
805
670
1000
764
474
820
302
703
687
175
406
787
467
246
705
907
133
635
779
47
952
665
194
894
161
688
466
896
757
133
911
282
49
495
985
659
791
517
773
699
889
539
406
548
726
804
79
368
958
649
739
266
108
463
627
592
271
286
140
70
772
37
979
942
228
947
949
651
206
457
263
86
993
516
814
311
495
358
380
125
385
260
129
872
667
426
282
219
540
185
944
408
77
187
871
596
355
782
921
881
467
292
871
602
953
292
755
273
292
720
277
404
841
367
336
79
139
989
544
115
964
951
267
419
475
707
457
823
466
675
449
201
970
746
297
429
749
911
193
910
272
711
357
396
323
487
862
121
503
78
339
394
2
233
729
603
874
113
676
963
212
247
497
959
719
39
746
962
722
314
812
530
711
173
25
166
531
815
389
907
202
24
199
478
868
981
710
580
150
137
949
165
118
141
325
302
519
983
93
126
132
352
104
208
53
583
516
704
268
372
642
25
467
111
583
530
171
199
574
993
547
814
631
927
587
337
120
308
220
558
159
763
951
382
841
230
886
610
186
772
707
642
185
263
523
415
903
722
366
586
429
367
677
494
751
799
985
521
672
979
964
696
539
455
398
128
163
574
599
24
696
961
323
715
542
80
735
509
796
947
191
323
526
258
57
348
160
217
185
566
87
831
362
841
709
822
766
417
809
261
315
327
41
896
106
638
205
873
228
219
929
816
323
325
903
542
778
508
726
791
74
495
907
646
82
181
874
82
227
541
913
318
805
849
17
935
913
829
74
262
301
198
874
405
397
109
546
702
124
410
406
39
214
950
966
746
433
192
789
625
280
897
821
327
923
740
533
33
983
669
25
523
813
602
812
935
978
310
621
664
731
58
75
724
650
439
189
856
825
375
331
478
74
433
243
106
176
370
113
202
526
385
966
563
122
467
355
544
326
629
458
862
523
792
225
771
290
935
301
428
816
20
743
326
644
544
533
924
9
217
135
855
659
805
724
580
984
365
385
63
52
262
366
213
360
89
253
903
65
809
704
194
800
804
221
187
100
315
784
33
336
628
30
83
241
303
961
496
249
589
133
997
153
627
389
728
999
695
555
908
731
18
875
654
399
539
234
643
131
909
408
708
787
710
87
418
750
600
671
660
346
373
608
151
57
475
291
917
522
319
381
462
38
566
441
323
904
102
881
778
880
714
41
395
324
645
640
176
947
422
124
395
792
2
872
946
695
112
252
238
735
245
338
746
236
384
720
918
896
687
231
146
717
176
367
296
561
524
972
338
887
933
810
387
78
545
720
954
168
54
676
696
617
37
395
803
610
972
771
763
385
371
695
633
679
841
430
296
581
78
960
419
580
272
758
398
168
524
789
713
560
522
7
375
500
100
902
453
699
567
21
613
425
407
550
626
929
281
457
510
157
769
783
119
479
460
100
529
146
816
250
245
882
760
768
870
605
44
111
412
244
309
284
170
594
173
566
378
168
749
526
760
419
56
790
499
627
805
944
272
416
650
996
545
619
203
965
723
646
138
528
573
713
457
2
412
954
275
14
443
664
240
439
896
796
903
488
858
789
750
502
934
39
956
990
833
303
64
832
576
693
451
16
531
662
87
949
640
172
123
711
139
285
239
282
939
533
2
802
736
137
99
281
625
745
236
348
26
801
394
527
450
964
777
296
218
270
485
135
673
116
723
583
893
506
389
169
253
473
469
46
449
98
329
183
843
980
940
883
367
158
118
52
444
417
561
806
911
765
236
133
997
735
701
658
910
772
87
41
809
244
836
763
914
749
219
195
801
435
386
78
636
273
175
420
92
567
248
70
157
321
803
723
654
527
487
875
321
366
593
766
621
298
995
970
358
494
870
216
590
722
409
474
757
840
634
459
252
563
496
299
784
244
899
765
737
474
324
862
170
157
822
636
963
943
790
745
505
584
446
907
968
261
196
706
39
117
394
149
953
679
143
633
124
770
947
231
738
907
895
464
605
685
954
175
232
992
969
108
760
448
6
481
153
529
161
266
517
76
84
958
423
825
247
844
558
81
741
756
493
22
326
236
831
233
779
283
367
752
728
822
510
338
603
572
894
760
579
847
171
330
323
410
66
875
350
737
385
155
189
930
821
95
252
695
155
190
498
748
430
170
615
323
79
897
928
129
731
312
381
700
358
555
52
188
741
443
479
364
665
980
568
524
631
634
860
235
389
744
757
446
687
140
730
855
855
698
465
364
43
644
421
766
1
979
467
530
117
404
885
176
330
346
433
517
311
995
300
751
865
218
112
92
447
545
285
272
307
641
196
905
948
680
718
688
704
365
610
615
142
394
646
697
673
295
869
882
121
471
759
917
284
745
198
908
218
470
348
263
174
25
914
196
400
776
292
487
735
782
40
838
236
362
709
892
401
279
688
232
97
249
673
585
993
465
348
368
444
797
116
738
68
543
346
136
780
544
275
61
411
145
791
268
898
198
733
996
15
32
853
153
842
549
198
791
284
525
957
165
32
380
959
388
322
183
517
579
276
525
70
225
815
27
660
390
741
372
564
933
213
371
672
594
73
167
290
868
586
666
894
15
107
893
594
346
58
108
282
640
227
697
571
988
511
760
842
310
882
639
549
308
217
255
806
879
570
11
736
468
318
380
770
323
441
558
489
735
571
747
211
162
902
858
181
788
647
636
941
865
458
698
436
741
711
422
691
348
473
933
630
801
180
174
846
931
574
194
985
15
694
208
764
182
305
947
8
837
52
810
226
299
924
396
229
202
513
269
778
53
577
554
271
978
976
357
94
251
261
605
4
815
417
310
650
473
232
408
400
74
665
302
13
655
290
398
860
217
765
208
952
781
31
548
847
424
407
925
5
961
204
540
480
203
966
130
808
509
7
869
1
823
315
942
593
283
554
533
765
62
894
194
296
658
383
409
379
185
988
969
799
776
453
921
959
909
540
215
123
279
649
319
503
641
588
684
291
402
950
198
147
956
448
504
855
494
733
316
381
713
516
782
729
612
917
826
742
884
916
130
167
275
3
360
271
107
234
485
414
783
290
716
924
943
248
269
224
831
477
353
202
698
433
647
135
952
967
506
498
441
492
95
375
157
129
614
11
34
64
772
575
848
820
234
228
724
865
967
600
135
154
965
782
771
153
922
948
713
257
381
590
858
423
714
847
656
895
324
208
96
739
526
721
871
94
166
365
46
479
311
714
819
1
866
29
101
687
688
244
668
749
263
645
154
777
262
989
618
297
926
658
236
702
847
833
258
509
108
452
810
542
868
3
343
790
846
211
582
767
816
244
955
144
604
301
318
743
600
362
110
34
640
229
183
997
778
571
571
837
710
317
747
227
840
886
616
893
963
189
690
630
588
712
507
166
976
72
721
660
235
740
671
703
446
910
816
180
324
586
39
778
385
148
445
793
504
168
423
761
695
85
788
455
737
99
672
58
520
884
680
180
532
831
99
892
733
671
520
576
833
306
410
39
906
229
837
221
7
253
147
95
829
264
120
950
994
498
526
185
791
60
798
531
311
566
308
300
960
901
149
516
348
864
336
377
836
12
974
929
810
480
407
427
250
43
371
592
805
632
609
784
649
859
567
798
832
702
31
765
714
725
226
276
146
848
53
756
563
686
732
651
253
869
31
281
824
760
432
824
739
306
589
928
66
255
992
192
746
570
592
657
841
945
796
644
295
957
236
340
811
781
44
94
596
801
142
213
533
828
443
858
539
835
590
952
974
939
820
213
857
327
867
669
720
694
990
1
526
427
971
85
400
758
2
815
410
640
698
722
347
492
873
914
503
104
967
723
977
995
504
634
315
224
380
549
860
185
901
158
652
359
77
810
247
797
9
712
275
349
589
341
1000
26
869
989
508
141
638
20
48
155
711
186
906
562
175
164
991
220
156
471
533
757
253
984
90
511
285
311
829
349
508
946
911
780
932
710
669
965
853
128
197
238
973
201
379
369
472
352
239
573
39
417
996
288
584
395
279
214
531
440
930
363
788
245
596
820
873
737
871
716
529
283
782
898
127
531
737
168
858
19
623
358
851
679
198
589
507
959
689
120
942
509
663
324
407
490
884
960
800
995
222
351
431
816
22
418
240
253
745
363
563
458
394
165
387
813
694
103
304
175
68
327
570
436
271
395
274
772
73
850
22
278
150
265
497
325
617
522
149
650
999
175
854
376
822
517
788
311
250
3
84
592
852
257
260
216
519
405
321
672
89
48
583
232
722
487
324
124
172
958
961
94
22
672
926
843
175
105
209
2
708
700
211
287
886
64
815
846
227
917
872
66
279
149
885
165
182
149
548
322
657
370
520
446
931
521
920
781
839
471
974
89
952
495
809
165
204
442
984
24
510
840
178
821
319
892
119
991
784
878
732
402
150
834
951
461
362
190
128
955
716
506
440
992
467
759
369
641
60
329
138
540
269
81
581
951
949
283
782
852
594
63
346
202
550
739
754
495
614
293
514
577
800
533
691
716
209
497
81
717
265
787
825
805
788
205
835
170
517
549
536
208
416
795
705
100
868
919
979
736
172
303
890
866
153
254
649
960
206
609
316
502
351
130
498
832
934
152
954
339
115
246
152
421
760
927
652
773
503
435
960
733
496
722
756
348
650
928
672
984
581
530
485
728
346
932
576
120
472
644
324
70
60
257
787
249
732
918
505
937
128
475
525
449
853
794
36
873
63
71
852
48
603
352
298
215
310
340
632
281
326
440
751
734
427
236
596
391
744
741
434
467
932
323
949
96
816
722
478
550
277
783
912
605
507
248
957
63
952
910
909
55
547
614
253
657
116
754
728
835
866
759
708
809
64
272
508
719
573
615
61
583
294
843
296
770
994
206
427
363
482
997
428
639
52
859
843
873
83
727
714
858
556
649
484
645
62
596
767
144
663
701
367
183
568
497
368
547
500
181
568
176
314
663
848
700
132
890
525
131
100
959
182
983
402
718
396
788
916
308
465
338
475
678
78
987
525
340
398
333
197
97
688
26
699
951
85
538
665
87
399
346
627
310
617
486
258
971
649
402
749
196
30
766
812
809
784
783
363
152
595
874
304
783
335
180
505
329
392
102
389
487
860
356
565
576
142
507
470
331
15
554
486
289
803
874
392
856
743
967
742
297
405
753
890
883
81
412
289
633
724
794
716
302
794
715
412
49
2
115
586
147
273
106
89
325
292
328
425
399
192
31
96
291
623
19
390
464
658
228
93
283
925
380
371
199
804
612
774
493
64
33
451
263
509
572
779
286
859
95
819
835
79
650
150
546
454
118
857
419
750
529
955
171
960
384
670
111
549
363
158
744
76
41
293
130
958
28
937
926
134
912
243
744
40
157
749
267
709
149
111
167
360
807
541
301
608
48
817
689
67
371
416
966
835
376
444
616
303
936
462
795
569
137
157
1
639
388
831
112
113
172
251
953
486
401
921
693
98
570
487
106
248
82
945
811
864
985
995
966
878
707
286
71
183
285
821
610
664
139
786
198
100
503
666
460
10
541
986
615
961
57
301
445
897
282
115
548
952
80
495
808
605
840
749
352
756
400
806
168
39
590
593
385
965
403
768
429
201
325
764
615
826
650
710
735
946
456
60
19
606
249
284
313
609
804
551
328
557
607
949
807
159
280
289
437
958
51
320
296
79
661
812
825
432
536
775
516
7
247
854
925
958
569
349
350
862
186
793
581
925
5
989
530
350
814
36
935
867
155
271
888
201
387
548
769
879
607
876
271
28
509
943
302
885
571
399
786
32
536
181
562
465
638
59
694
998
412
999
649
536
184
417
681
441
690
842
907
100
715
441
876
525
108
18
899
742
211
341
250
243
176
217
634
76
454
619
622
868
190
935
912
170
189
793
408
419
365
777
867
970
385
73
208
734
729
676
862
206
398
220
465
275
63
416
475
130
506
720
791
669
527
935
913
749
14
844
505
349
377
557
710
182
900
345
935
987
488
695
340
616
351
80
620
324
857
102
656
24
213
240
148
219
332
131
982
43
264
798
983
986
362
354
398
923
16
228
708
191
132
745
210
649
210
117
902
146
146
423
645
153
795
916
114
283
337
311
164
762
837
338
494
118
915
700
488
149
49
303
539
56
947
540
178
675
139
518
604
280
829
807
453
338
601
827
660
1
882
735
552
870
931
893
227
580
881
416
25
73
420
846
521
712
759
654
794
565
383
295
561
196
304
235
886
430
898
71
719
337
435
328
180
330
550
883
106
274
945
320
115
706
388
860
898
564
357
554
348
704
41
46
106
160
917
190
139
481
490
909
967
126
303
900
934
858
592
623
542
410
644
650
251
989
653
62
961
113
377
220
166
115
629
349
3
737
1000
299
704
224
165
152
455
438
83
217
248
675
47
318
660
705
753
905
310
197
516
680
411
241
878
417
602
63
951
857
191
956
751
432
921
278
80
781
339
179
891
442
640
448
110
60
183
155
483
177
350
934
884
557
891
425
985
3
134
434
628
373
682
675
924
649
242
912
734
520
680
187
739
259
568
942
706
676
164
348
701
246
857
645
729
498
174
869
863
848
580
415
471
454
393
587
973
200
271
233
419
748
986
688
694
192
182
152
45
67
302
472
276
580
849
765
575
195
983
392
401
131
50
291
813
872
184
992
755
330
500
285
964
502
252
896
481
598
453
554
69
612
754
859
484
456
660
339
11
875
875
8
598
712
795
849
792
134
946
854
637
292
245
817
652
682
138
901
808
447
433
489
742
660
307
57
784
205
580
330
120
999
830
360
992
555
546
542
950
573
83
872
918
345
222
768
383
179
305
180
655
785
549
897
338
919
566
14
310
599
303
103
586
971
826
275
797
552
821
317
906
137
505
300
833
621
363
967
713
326
405
993
418
383
895
300
143
505
559
621
1000
530
752
780
661
26
318
943
383
643
591
850
217
101
245
901
59
844
529
897
191
615
473
856
772
69
922
88
992
133
889
372
467
882
58
944
974
881
92
422
458
577
572
690
966
542
957
934
672
690
274
139
404
977
978
613
802
143
2
153
298
504
312
485
154
883
819
444
496
516
976
93
660
669
400
320
661
264
29
60
203
59
923
359
844
985
139
115
680
521
690
898
863
109
209
742
619
114
86
262
480
238
935
961
831
611
903
968
906
894
976
972
378
748
344
388
668
370
513
560
370
376
152
535
997
9
592
433
656
585
919
74
72
180
821
892
608
927
668
95
986
197
3
408
183
568
565
595
30
874
535
782
939
94
343
340
359
976
896
371
422
478
209
619
310
666
533
11
803
13
357
217
447
681
242
733
455
739
855
251
25
835
810
211
137
737
539
439
162
590
605
72
105
300
138
485
270
235
172
786
92
993
661
817
248
533
919
655
22
393
696
773
670
929
470
425
222
516
200
361
233
422
717
588
829
55
941
117
298
908
133
44
742
48
360
595
134
670
633
154
303
334
118
239
83
1
166
21
174
715
658
320
8
173
793
867
869
539
606
926
168
920
84
263
110
668
266
691
111
776
418
906
7
798
675
508
826
687
190
436
455
338
549
367
275
766
399
465
582
829
897
644
547
109
55
22
8
627
375
414
158
30
518
210
154
62
84
657
202
431
283
128
675
902
661
563
551
230
419
25
220
951
938
652
503
301
935
620
360
816
204
128
71
181
362
768
28
512
750
257
124
292
752
318
344
897
286
31
799
241
920
633
347
327
773
786
865
764
619
791
266
615
331
52
983
784
770
310
865
106
107
921
422
555
99
26
168
993
341
616
543
98
795
355
87
1000
318
416
964
903
324
993
409
429
369
278
592
661
425
674
876
103
457
324
539
15
245
183
855
833
524
945
971
774
944
477
27
158
49
533
700
178
321
863
874
988
954
530
825
350
636
190
435
315
258
438
303
478
220
939
459
589
656
926
968
337
289
977
308
261
546
514
525
457
244
709
193
234
754
253
395
543
950
55
168
562
564
76
343
929
92
625
750
281
757
4
65
446
285
476
70
177
493
725
44
943
641
991
26
961
909
203
324
573
171
426
863
473
618
513
30
631
520
380
733
609
599
254
395
874
542
2
269
95
110
802
756
297
45
905
904
47
320
791
119
300
8
489
766
26
999
17
664
714
45
385
948
922
947
832
320
505
472
759
964
442
281
995
842
866
987
655
609
735
125
157
88
744
697
209
199
483
473
753
129
511
750
397
207
31
787
79
534
950
832
423
680
469
59
270
496
279
248
885
367
798
145
234
139
132
793
453
175
71
675
941
606
449
664
650
529
587
268
47
664
294
386
86
421
958
30
215
68
276
328
575
575
334
345
481
485
509
293
739
330
170
377
744
994
509
422
549
103
772
259
850
643
269
473
672
279
289
839
185
929
364
574
968
156
757
367
782
409
814
385
654
492
256
182
118
689
303
541
594
333
485
554
151
402
390
697
872
234
112
794
24
612
772
719
670
571
933
281
790
476
4
191
713
336
286
576
979
832
771
432
685
191
203
543
103
737
230
463
628
193
856
756
481
327
56
518
787
689
980
265
652
96
515
486
138
916
6
90
628
146
148
492
906
137
688
980
624
164
705
983
942
745
886
575
215
936
764
759
692
840
581
397
669
411
598
688
947
922
134
544
13
11
846
172
445
934
962
575
885
223
202
244
948
518
29
873
783
467
107
80
142
628
180
967
92
897
115
961
554
934
921
574
729
71
663
421
49
611
531
330
995
367
206
987
488
180
817
788
212
730
337
778
771
611
590
125
614
508
843
414
449
294
699
176
268
779
433
683
508
444
233
291
517
647
929
935
711
694
446
997
627
435
780
700
824
743
877
65
69
498
197
43
501
12
888
130
651
362
241
929
16
141
223
452
456
988
438
853
533
641
744
593
742
393
566
39
865
997
727
233
760
766
803
131
50
309
148
256
657
544
850
179
275
457
690
427
671
441
330
208
814
369
563
170
300
873
83
162
409
433
151
792
817
476
546
338
148
837
108
438
498
338
505
294
119
901
716
163
759
250
64
29
182
858
828
598
606
213
369
638
374
103
249
513
652
617
421
653
63
232
546
480
571
67
898
846
937
925
403
879
362
843
382
55
145
600
357
120
538
11
914
706
499
522
321
458
989
880
905
920
814
946
492
138
871
391
96
374
509
205
249
357
599
872
677
211
498
358
940
11
244
30
178
832
531
31
211
382
385
965
378
342
87
462
13
984
675
802
216
75
687
409
852
680
263
478
36
485
855
185
588
165
895
35
55
460
388
258
763
216
683
837
763
212
117
793
809
982
938
305
13
704
851
700
343
500
800
880
349
72
931
205
97
761
199
589
35
867
832
639
862
926
256
362
633
149
843
7
20
656
664
383
613
82
261
83
310
237
462
211
685
816
953
694
272
498
961
240
794
433
76
226
231
915
827
186
824
142
967
443
259
27
530
912
874
812
313
186
110
614
412
81
319
138
422
831
323
582
160
912
722
433
845
606
354
387
81
929
755
874
395
91
136
81
644
785
304
435
618
773
137
77
894
672
905
498
454
622
120
432
856
330
157
951
117
168
731
386
965
153
671
614
300
577
793
311
96
292
429
610
118
103
477
541
121
52
836
939
606
597
666
908
486
705
687
256
929
68
790
196
667
592
992
741
566
506
681
82
708
224
67
734
71
726
228
322
392
815
983
873
152
57
837
389
277
401
45
944
556
837
727
477
880
449
121
780
901
705
756
228
916
662
998
178
251
412
676
456
527
31
852
58
89
965
181
129
594
31
115
194
460
513
467
57
607
945
71
830
341
988
406
786
443
908
187
315
732
822
488
547
883
559
656
639
236
439
438
219
864
301
893
907
852
586
844
460
205
474
949
336
602
597
547
377
229
989
518
221
351
959
645
599
679
787
390
158
823
73
772
367
140
649
854
894
80
533
208
626
685
603
505
478
343
745
920
643
679
405
611
459
168
821
509
432
560
816
347
619
949
216
20
233
777
199
979
896
987
630
890
295
403
541
885
379
578
316
327
702
628
760
445
489
835
482
926
674
521
689
531
161
865
783
1
501
691
873
71
356
739
656
910
63
676
237
157
939
878
10
542
772
520
219
713
268
324
451
810
802
663
258
81
805
617
76
551
231
423
61
960
79
914
281
385
510
779
64
694
59
430
526
152
579
712
665
274
360
207
147
303
698
661
744
490
795
327
433
506
467
384
967
63
236
125
515
517
536
693
113
668
855
767
149
961
693
280
630
453
352
351
832
344
447
767
278
658
309
185
75
222
13
674
809
659
256
848
35
760
290
173
93
707
378
6
707
910
832
955
55
678
25
466
844
234
573
234
496
76
242
905
358
583
465
306
937
622
118
887
149
92
598
511
534
14
89
981
228
857
854
621
503
849
526
706
276
319
992
97
874
278
172
836
102
954
635
68
210
829
179
182
516
119
529
32
82
890
367
897
988
224
773
826
338
89
651
189
28
540
469
200
889
761
519
302
574
25
136
203
408
427
347
825
813
804
863
275
669
290
481
702
998
29
592
319
948
187
374
509
704
470
486
932
735
596
544
883
364
682
746
787
560
653
193
956
148
504
101
157
657
619
298
144
71
678
322
192
506
474
344
519
947
784
864
89
283
144
59
639
610
688
478
568
589
295
121
402
941
637
621
521
820
801
751
906
451
958
833
343
903
267
72
112
210
62
904
801
710
524
267
917
196
335
664
447
403
37
896
241
628
825
381
132
745
400
43
906
654
434
112
611
280
986
888
314
17
780
160
707
902
610
92
51
528
452
557
124
614
282
858
356
588
494
519
241
965
75
667
131
763
348
123
325
375
314
180
929
956
982
158
712
358
759
635
987
264
889
191
146
683
99
794
846
362
714
689
892
274
215
458
992
231
273
318
259
586
913
473
955
519
33
84
414
674
615
524
923
881
556
411
253
989
163
165
676
218
88
813
378
310
367
997
519
430
862
205
873
436
872
826
835
613
567
368
465
543
165
98
109
543
983
918
881
104
415
134
170
472
580
697
446
780
552
976
706
228
158
755
297
290
558
916
437
91
246
884
419
800
462
434
607
502
440
418
483
513
363
266
805
159
515
879
532
601
910
742
6
445
901
278
218
350
245
491
924
373
281
806
467
513
366
143
971
457
986
453
671
939
98
140
383
53
927
637
801
280
692
755
143
740
39
833
725
846
905
322
998
959
116
672
466
766
472
774
534
742
906
377
456
546
609
449
380
84
966
877
224
909
831
796
249
142
48
352
944
445
32
661
29
276
955
48
814
724
305
930
324
223
194
612
146
914
268
324
450
57
587
885
214
52
259
453
976
135
589
767
223
504
844
9
918
9
19
921
899
94
932
752
113
272
127
160
690
296
390
834
612
879
242
496
366
706
43
881
336
963
488
675
277
306
169
330
198
339
942
574
987
632
71
947
512
863
774
875
195
15
844
542
494
324
271
49
405
282
333
196
221
269
543
118
478
487
485
467
743
731
146
93
341
231
92
648
663
966
346
863
913
131
26
533
611
954
526
142
758
128
522
972
538
123
517
261
871
579
514
585
198
760
994
209
346
102
575
467
41
139
383
586
681
377
659
370
697
638
219
674
517
720
417
178
437
615
198
420
203
963
268
991
951
820
442
318
176
9
173
375
81
816
297
983
358
875
4
242
474
284
75
49
735
687
724
941
440
846
838
447
222
234
593
282
469
876
70
896
763
20
554
376
165
625
933
697
21
911
609
505
75
991
929
855
807
560
135
214
81
595
282
954
637
164
923
925
246
348
82
82
702
828
714
763
359
580
133
742
969
297
581
578
496
540
521
807
489
247
800
684
978
212
900
354
99
246
718
813
45
488
507
906
237
884
424
516
396
171
87
497
966
139
997
906
566
56
383
119
242
457
25
400
528
651
330
145
797
771
871
717
813
140
179
491
189
288
640
766
776
347
29
94
169
395
940
196
782
724
383
890
486
913
374
825
687
269
663
500
70
87
618
490
436
691
352
497
1
476
104
630
623
504
261
361
62
285
920
316
23
975
845
164
256
339
348
905
251
637
383
208
987
558
779
631
372
762
85
488
453
733
138
47
781
894
578
573
895
843
915
359
228
300
198
305
68
532
47
964
160
297
166
855
999
829
613
601
970
29
838
940
14
446
51
877
382
808
129
824
195
227
617
585
137
718
324
557
462
254
475
391
666
419
777
430
686
959
189
796
314
487
975
881
95
820
494
414
118
771
220
365
891
856
671
717
417
762
909
52
939
111
235
317
637
96
714
866
861
160
831
619
561
854
117
355
893
753
552
259
449
211
553
400
989
774
145
64
194
988
836
410
759
299
404
43
484
500
71
533
887
236
78
866
936
52
570
38
299
235
549
699
586
196
458
797
564
570
315
805
966
655
117
196
653
92
202
381
821
539
378
389
64
256
207
318
510
894
148
862
582
310
640
359
991
185
917
824
181
495
256
401
523
48
693
148
401
344
432
518
386
328
721
532
693
759
485
419
342
440
358
848
545
92
367
550
178
608
525
877
755
273
989
55
651
204
294
495
911
290
483
155
296
216
896
248
330
437
229
980
164
197
500
646
48
771
803
242
688
155
887
400
75
460
781
764
139
573
942
57
220
791
798
975
844
511
721
219
593
815
187
381
555
818
322
181
824
62
803
487
477
439
717
150
768
957
5
716
279
855
207
62
532
49
335
574
984
521
753
579
648
456
947
924
185
819
228
521
188
889
537
666
358
775
612
425
798
551
745
866
955
824
535
587
698
414
119
374
81
298
205
963
291
356
96
842
600
852
103
679
992
57
353
926
269
89
881
574
370
135
477
330
235
794
665
410
682
601
981
208
211
229
616
326
877
271
407
774
678
649
93
289
345
833
769
160
190
423
503
1
991
431
276
897
955
794
890
256
945
351
675
275
258
911
917
250
986
230
459
473
437
165
196
388
107
189
603
708
351
278
930
150
242
861
619
243
638
252
116
578
146
803
590
272
810
292
771
2
927
276
137
690
698
510
559
717
744
713
235
413
611
482
126
938
534
620
189
139
930
507
173
946
193
417
201
606
958
208
883
258
439
510
493
402
513
14
586
134
487
106
543
295
790
846
855
567
799
377
503
197
953
549
159
469
611
557
697
503
956
246
546
710
887
838
242
696
438
569
2
661
721
787
544
224
987
824
746
442
650
998
725
718
777
276
448
280
363
564
410
287
958
539
509
441
482
194
53
814
877
741
529
164
692
1000
493
425
792
818
9
760
226
897
890
666
972
285
27
45
998
489
8
883
738
939
174
785
572
701
578
736
673
972
69
97
796
398
912
664
663
569
938
195
220
702
251
396
759
940
788
386
431
784
310
582
778
882
379
113
146
364
684
347
960
571
248
454
115
64
950
833
429
544
352
680
771
839
804
977
6
500
272
834
219
190
345
453
931
764
735
237
343
353
321
531
421
902
64
841
376
650
107
503
494
629
175
220
707
154
288
796
925
890
889
48
61
277
492
844
329
876
422
857
56
410
578
875
107
481
248
236
668
264
330
783
158
890
907
33
249
786
836
466
696
986
365
354
737
251
220
806
984
95
141
265
368
306
854
751
208
559
837
869
245
343
8
948
57
756
97
669
648
788
980
366
307
136
303
50
796
292
685
983
996
129
694
393
84
14
39
20
534
630
241
311
551
626
49
915
603
383
779
162
461
834
307
133
970
32
914
398
449
562
962
828
265
814
959
229
910
585
273
814
202
344
42
861
204
357
80
248
8
206
679
334
995
194
886
786
753
797
989
209
980
763
808
449
403
729
314
705
565
143
970
408
736
297
578
213
875
237
978
949
900
447
136
372
630
735
985
858
27
557
497
279
418
699
867
969
333
864
573
233
882
532
452
119
364
7
503
994
621
61
106
145
114
260
330
903
187
78
95
401
246
161
19
371
367
628
406
817
317
781
19
786
371
669
867
822
274
788
948
1000
200
353
757
302
304
970
697
229
998
10
773
346
180
272
584
339
989
396
94
692
253
948
481
734
196
421
12
369
694
254
541
362
8
981
431
768
496
413
177
945
729
527
79
505
730
485
195
146
210
638
175
647
651
331
33
938
64
728
427
518
652
358
95
886
984
878
428
76
176
656
7
766
322
433
312
163
660
107
255
380
234
822
996
845
689
268
625
538
843
491
164
695
615
475
28
839
692
631
575
206
778
776
101
986
917
493
277
604
142
631
35
669
704
201
570
899
132
733
739
347
786
569
714
504
925
128
282
505
937
644
917
801
595
825
633
664
301
862
378
47
284
77
304
881
944
170
133
420
800
632
165
239
424
382
258
734
992
528
19
136
570
354
945
514
799
335
734
972
646
536
890
113
58
105
923
692
895
21
216
557
833
561
674
555
481
86
592
436
757
888
189
128
59
68
440
188
170
182
560
162
61
136
770
933
28
998
177
362
368
806
184
42
811
182
694
92
50
238
151
287
41
236
99
429
601
974
38
227
352
225
371
982
429
184
286
903
958
697
756
399
56
58
281
278
370
985
486
508
431
441
476
426
262
247
202
691
767
252
574
453
701
606
380
828
586
246
889
733
979
774
794
431
506
44
790
773
378
575
476
568
402
131
826
578
521
47
836
894
978
819
861
491
716
222
205
695
561
798
208
480
697
161
78
558
258
400
708
540
198
156
990
205
586
232
831
3
174
502
775
898
693
470
775
900
883
280
804
997
446
10
630
783
386
934
372
616
133
3
526
967
924
476
191
413
400
229
637
728
473
9
189
803
669
601
368
689
812
439
4
345
315
456
8
235
892
32
497
513
86
696
826
713
638
922
307
270
818
125
448
502
462
12
12
662
453
792
571
361
261
958
569
608
95
652
602
203
969
500
823
293
922
19
385
838
2
75
590
427
843
692
157
192
232
306
663
349
889
504
756
102
264
634
111
708
339
648
496
673
270
310
348
809
572
848
402
435
162
579
796
783
952
903
472
146
733
545
690
141
510
44
721
604
866
727
883
514
613
762
901
465
663
946
586
231
880
980
167
308
395
302
233
640
556
833
140
353
287
707
314
506
527
944
916
768
783
145
119
470
672
925
582
968
176
923
935
356
491
626
965
804
73
112
962
616
76
678
151
561
372
180
825
305
824
961
121
5
123
395
561
908
705
653
630
929
349
591
966
860
113
150
431
640
896
812
154
165
443
18
250
549
990
218
597
980
198
834
422
560
58
370
932
512
619
583
898
425
506
584
20
644
828
533
555
931
972
175
677
442
45
658
36
546
770
480
113
736
893
263
789
133
128
26
132
55
147
142
22
292
10
730
843
534
322
146
474
162
345
485
471
67
567
9
951
427
308
769
89
650
735
461
42
223
201
415
909
339
588
382
29
973
627
963
585
968
727
889
107
360
426
994
444
3
676
292
912
189
528
506
969
244
515
46
995
482
432
149
315
473
314
483
724
537
103
565
720
324
102
470
808
26
877
129
640
272
385
445
250
796
530
686
213
932
770
336
858
676
219
215
866
533
786
642
303
571
788
838
742
815
355
934
326
43
92
743
800
485
425
802
818
874
622
579
610
860
10
327
427
646
332
930
487
964
159
518
746
967
836
743
318
454
907
964
792
808
85
208
431
214
240
654
820
918
192
203
138
458
399
197
347
118
641
946
637
776
646
307
144
755
676
31
84
979
217
620
299
285
970
512
568
367
51
806
803
386
484
715
395
848
515
848
446
224
884
395
392
319
802
542
917
280
656
873
501
220
225
34
755
741
848
371
457
676
477
612
972
722
845
407
272
612
645
971
392
271
810
976
300
11
935
458
39
461
892
440
467
116
544
355
844
244
699
748
270
969
475
838
123
867
177
611
901
824
374
267
772
408
127
886
189
298
498
979
312
363
412
537
636
710
729
762
153
487
615
704
281
610
760
927
491
329
978
275
150
626
188
10
15
950
279
801
159
46
359
141
68
985
684
392
723
624
785
212
350
298
288
859
551
75
968
628
169
159
413
554
383
477
907
430
861
126
814
701
119
741
648
965
345
712
312
281
755
437
859
955
401
552
354
385
709
400
360
328
193
138
86
501
533
996
765
179
25
724
336
174
152
601
195
174
49
447
243
607
675
440
468
141
900
478
881
133
182
709
724
799
494
45
610
880
971
381
273
627
472
155
808
79
541
960
532
956
144
944
259
447
332
879
911
245
619
175
417
700
534
558
654
61
229
420
235
246
989
459
16
668
581
775
276
805
812
564
78
388
532
167
970
677
731
685
920
176
228
359
69
810
953
879
92
135
562
597
909
821
655
730
120
449
869
677
47
364
481
971
309
784
295
977
46
101
21
406
36
505
641
676
315
43
547
165
234
24
176
697
302
903
757
877
5
855
604
976
292
728
638
32
101
310
829
658
297
794
21
333
198
892
774
455
781
179
88
178
811
644
300
599
233
969
363
730
330
216
918
925
704
765
24
119
412
738
972
189
400
634
910
880
915
469
873
63
352
997
157
35
875
576
458
40
258
662
749
340
651
530
926
632
327
174
340
35
723
238
782
822
719
575
807
42
742
9
828
150
8
822
789
460
415
351
325
883
68
412
424
455
669
608
697
676
38
448
749
74
832
144
919
418
762
102
33
463
171
330
131
608
578
98
283
986
178
85
962
682
341
53
111
223
723
807
762
22
199
999
679
703
510
684
308
421
797
90
97
291
775
271
228
914
688
189
701
159
456
886
317
761
343
22
54
768
529
322
182
897
375
662
998
398
690
276
113
482
804
769
900
690
221
241
385
631
54
211
335
232
358
439
289
197
807
443
169
518
388
653
153
673
161
555
190
867
47
678
410
206
67
277
52
32
729
462
910
252
842
663
643
786
871
51
771
241
745
360
460
997
55
172
686
476
75
472
76
602
586
813
690
116
677
971
783
97
920
321
408
197
767
758
742
775
64
950
542
474
289
640
636
665
143
676
851
27
560
826
602
991
974
101
782
745
864
847
896
713
582
222
323
205
289
68
301
941
836
692
255
636
715
488
747
334
943
928
249
45
755
293
406
238
399
459
713
72
822
428
667
236
886
394
355
776
827
869
763
270
48
690
458
186
659
572
679
112
76
948
879
939
978
476
627
11
658
754
697
494
5
760
205
695
340
591
739
115
954
452
20
416
959
331
523
248
645
112
547
444
505
589
831
940
367
452
901
842
466
46
463
14
575
581
872
604
965
172
232
770
315
486
780
997
341
979
205
227
269
527
947
268
26
445
61
818
600
218
960
439
59
451
146
93
841
720
402
152
964
242
14
312
112
471
791
435
551
215
53
567
46
807
691
221
940
282
599
385
951
311
592
438
258
270
676
310
151
428
717
351
29
351
648
938
790
339
226
796
568
194
854
719
46
138
167
475
378
160
351
542
945
274
138
323
635
738
138
558
765
471
871
22
677
142
907
643
169
405
103
990
757
120
637
16
519
685
132
987
872
889
761
684
890
941
473
66
328
860
119
993
191
803
323
631
623
491
114
207
421
579
876
268
593
373
302
157
390
555
644
311
635
659
475
888
406
686
824
175
968
398
425
810
441
413
518
967
600
779
778
36
22
847
812
258
944
638
749
27
800
154
29
420
207
353
735
638
137
663
653
111
460
302
193
373
510
217
154
427
987
528
967
876
320
926
187
531
895
910
509
349
559
316
34
975
798
320
145
273
750
188
787
812
906
343
974
335
428
779
109
965
404
888
325
211
487
115
165
645
953
746
299
968
608
646
495
818
79
723
631
446
587
363
87
243
550
430
146
644
469
366
289
834
824
775
199
182
494
20
7
603
859
980
946
799
87
876
17
706
707
526
883
296
834
342
307
105
610
301
762
247
591
719
12
279
66
207
801
712
715
11
795
145
72
858
775
335
408
369
914
20
832
397
121
763
945
802
845
688
229
674
385
445
548
858
441
310
95
14
849
446
952
205
903
627
268
407
718
652
238
763
952
762
650
964
47
252
690
995
384
589
216
881
180
713
305
955
660
685
882
672
993
851
394
998
974
557
108
392
290
913
839
100
101
82
611
344
991
615
811
405
663
933
809
420
871
752
946
133
106
830
72
215
606
764
590
353
292
427
363
215
832
954
366
937
559
895
826
597
77
671
950
532
913
154
468
433
597
893
579
798
925
215
564
993
555
101
158
948
725
553
78
882
780
436
6
757
561
620
808
821
470
385
720
795
47
818
196
843
419
677
632
776
107
611
250
969
133
25
767
769
237
563
920
372
737
539
420
358
568
615
779
646
870
593
517
807
126
119
445
887
293
899
845
864
534
501
23
91
104
324
197
981
552
893
973
722
932
226
325
782
358
827
15
707
377
553
817
708
691
183
947
439
46
68
358
201
108
443
526
564
495
372
315
188
459
115
778
871
177
701
899
578
216
443
39
872
378
464
815
925
592
692
372
489
899
147
198
273
385
512
587
847
735
994
495
145
785
201
458
455
563
730
339
70
307
821
463
753
214
864
957
704
411
668
665
873
856
837
347
794
799
295
987
600
604
44
996
857
958
155
42
182
255
850
177
485
322
644
779
499
160
173
934
351
423
578
576
521
48
901
719
297
243
198
18
244
401
246
973
136
830
765
869
689
17
923
449
693
321
604
96
449
190
180
261
551
688
889
988
551
672
88
376
826
578
64
266
645
819
75
624
418
549
355
544
331
4
529
927
368
956
352
530
664
217
600
400
155
507
663
66
806
452
746
888
272
311
521
194
1
790
864
839
339
584
433
85
216
717
87
198
899
719
230
428
147
144
478
97
873
178
175
45
186
231
622
988
768
101
701
747
620
573
304
407
750
905
396
459
61
32
722
924
129
743
785
714
757
309
826
93
11
891
397
721
896
262
304
376
774
322
920
955
360
581
864
965
776
862
886
651
397
40
381
124
248
807
829
601
933
37
991
48
598
969
748
571
547
397
830
456
926
258
494
557
979
794
491
899
733
970
340
595
140
618
813
345
938
10
950
236
164
723
970
310
206
784
650
287
167
383
241
288
764
471
459
670
368
855
118
62
89
745
763
527
862
97
742
272
956
302
712
959
48
996
854
75
79
380
50
999
545
881
431
60
683
535
371
545
516
57
213
858
512
935
869
242
648
427
715
102
210
262
567
439
612
252
408
739
572
169
920
89
475
710
396
480
825
684
826
195
194
468
539
474
141
424
111
680
669
730
280
525
800
799
919
935
636
799
539
418
826
987
448
753
107
579
251
335
312
60
300
983
830
835
500
268
189
665
830
574
809
242
594
906
81
451
308
924
253
952
899
348
509
223
718
970
77
452
425
327
892
538
5
265
348
987
693
643
932
76
580
367
472
464
709
937
578
960
42
553
818
979
678
468
753
248
678
992
499
877
609
418
987
962
121
942
952
415
506
786
269
199
295
384
159
40
588
782
623
624
597
275
431
942
574
296
202
569
948
8
755
713
944
109
23
432
44
985
767
245
462
311
734
533
449
844
209
686
563
940
196
153
706
85
433
83
911
202
27
753
380
493
313
341
441
173
477
121
418
655
884
439
373
932
361
410
288
607
90
605
647
657
84
782
27
755
827
175
582
295
817
57
770
36
919
580
105
68
777
200
607
43
156
745
124
814
363
627
999
526
855
714
156
456
653
939
509
674
585
709
238
931
488
622
66
384
315
963
108
415
983
56
880
66
449
880
23
657
960
978
425
172
955
832
781
404
929
941
572
565
215
930
908
531
843
245
152
189
312
126
269
202
35
455
271
78
297
392
841
577
363
445
308
173
818
204
271
619
949
710
980
280
802
234
100
209
384
640
184
920
562
33
984
753
944
208
49
182
8
469
551
66
274
574
651
166
80
114
669
495
364
460
594
656
788
352
848
417
761
357
855
948
822
431
290
207
91
920
787
315
576
74
268
112
231
739
857
227
578
54
292
421
308
410
808
17
164
737
495
401
611
63
151
918
775
437
911
746
464
297
399
283
487
140
837
807
71
607
108
103
51
819
487
329
743
44
876
814
923
9
699
884
906
186
213
457
777
406
778
101
650
1000
18
162
704
214
269
635
533
62
447
518
256
917
371
263
794
350
800
675
287
787
889
478
921
690
405
297
328
527
495
219
239
834
17
803
216
333
121
967
791
933
110
204
491
850
643
955
265
188
689
996
787
772
652
954
374
388
652
739
873
644
851
922
505
290
326
610
177
885
189
57
15
758
324
726
722
996
84
657
711
755
756
534
571
543
208
294
987
499
100
634
751
432
330
244
157
492
151
116
425
921
732
291
218
127
479
904
280
600
130
277
370
653
179
893
580
738
67
316
949
42
531
307
646
712
631
294
182
620
622
420
123
831
906
74
780
755
930
917
754
377
127
122
212
48
788
659
417
183
870
665
135
127
91
345
187
800
287
980
346
255
17
542
724
624
892
547
8
670
585
305
458
388
26
6
746
791
434
495
614
634
136
265
591
477
537
680
633
827
413
602
675
439
986
287
231
347
525
168
980
844
848
872
502
589
389
955
999
630
480
50
239
712
362
184
591
744
506
893
420
694
206
428
358
666
575
962
664
874
922
326
298
41
267
856
913
239
789
879
953
81
100
66
785
325
35
210
428
413
768
987
200
677
981
670
95
986
491
556
475
298
903
681
63
650
78
810
584
879
581
892
578
988
680
891
215
517
628
299
738
6
745
615
866
460
255
500
338
637
513
640
981
646
871
829
294
785
805
876
814
89
169
247
311
804
986
952
773
931
116
31
181
257
184
604
997
270
71
113
634
495
399
915
521
707
623
293
101
676
460
833
23
592
78
220
372
836
429
637
824
812
941
770
720
449
744
342
421
31
554
243
676
986
792
72
155
853
538
839
118
726
800
462
119
497
328
415
348
935
93
14
691
915
67
463
976
370
567
818
255
988
340
604
748
595
760
171
975
599
885
517
102
803
771
822
867
808
26
156
149
563
333
496
66
958
459
220
345
328
632
755
869
33
304
442
766
63
451
873
714
350
339
389
921
207
74
597
542
328
393
55
809
996
851
567
49
30
801
987
191
887
806
166
61
98
170
583
830
937
76
533
263
878
9
809
163
863
673
64
604
62
112
428
725
204
266
582
829
738
464
10
509
668
575
886
371
674
935
960
367
60
441
508
322
802
98
207
791
837
492
418
178
174
876
718
981
232
814
745
401
820
732
331
849
458
30
104
489
382
707
457
382
822
485
265
352
879
611
129
66
903
992
320
547
107
88
235
100
245
971
213
281
793
202
75
165
92
319
239
285
850
417
870
999
931
148
112
260
865
31
908
160
848
519
557
995
378
169
77
119
422
829
205
313
204
382
830
933
648
413
575
691
937
486
491
110
5
898
382
210
427
819
172
445
644
782
630
534
694
723
954
98
175
880
5
414
482
299
864
383
401
94
765
781
328
877
620
726
402
395
878
927
930
530
861
772
367
914
934
345
877
840
964
65
100
960
26
595
399
590
869
261
452
789
860
905
467
698
421
916
740
3
429
653
969
921
275
315
621
837
793
87
920
847
624
568
825
545
295
557
199
370
113
389
411
390
568
650
621
787
985
668
73
550
110
314
782
860
609
620
307
933
868
164
694
546
378
138
779
319
473
94
621
292
7
321
164
221
558
28
11
593
926
170
460
880
813
626
403
222
5
60
356
524
818
988
889
781
830
308
740
630
291
204
533
903
197
797
169
982
409
924
344
355
822
722
73
301
191
871
756
763
969
494
107
32
751
68
14
149
464
114
594
274
242
691
293
560
541
375
768
197
78
389
9
970
14
527
412
529
999
871
30
752
891
88
782
115
816
503
473
262
252
336
640
223
137
597
231
162
733
825
564
934
416
571
970
293
731
894
162
233
58
205
37
41
813
284
40
891
633
433
445
571
933
818
162
162
636
736
168
146
215
312
345
85
684
955
263
702
375
779
694
15
19
742
269
601
948
991
838
266
220
895
503
985
185
987
964
597
240
967
939
483
864
464
12
806
229
991
307
625
687
794
915
536
990
124
233
685
397
461
594
110
416
852
674
619
219
160
994
205
528
54
61
754
900
389
223
685
807
525
467
51
879
94
415
760
488
45
726
912
122
137
66
650
22
468
3
710
862
821
865
398
696
866
762
707
927
698
352
663
479
129
74
279
531
140
709
4
316
404
143
575
24
553
952
593
268
499
798
69
775
909
531
405
933
318
93
409
837
548
562
918
680
413
997
722
814
984
26
574
295
326
785
277
450
839
434
721
350
798
614
277
442
30
926
588
555
14
355
240
970
207
897
623
167
607
616
536
830
134
784
211
268
174
328
735
86
640
35
69
998
64
209
729
356
554
325
745
981
518
8
901
138
583
737
958
711
866
270
708
918
186
836
120
143
536
808
912
871
175
712
177
179
470
296
294
567
222
980
46
415
563
951
76
832
224
910
696
556
851
893
979
137
439
587
151
973
40
476
965
424
874
619
464
230
586
746
175
488
950
8
144
661
464
533
280
202
741
989
287
403
516
54
104
316
338
872
766
66
843
945
281
319
99
458
840
549
18
521
273
114
117
595
740
756
121
222
381
250
243
128
336
79
747
720
119
324
79
423
71
784
4
666
569
318
391
199
732
364
209
762
455
627
657
299
492
32
891
821
473
990
950
741
56
797
740
357
486
499
98
332
824
733
831
756
41
299
562
280
648
45
492
264
86
638
100
826
510
180
433
887
821
760
762
415
921
816
113
345
286
422
191
324
747
629
113
803
404
432
895
584
160
575
605
744
650
406
355
742
181
380
615
743
360
669
10
18
313
212
464
802
253
433
993
153
630
851
372
554
190
162
260
947
416
779
922
262
390
945
625
474
412
500
689
347
251
625
868
106
834
406
308
698
959
432
149
113
444
387
199
702
244
741
563
933
76
191
438
261
694
609
116
539
201
713
228
748
109
64
586
292
842
329
466
102
776
599
951
294
16
402
115
251
194
909
585
763
888
455
62
234
495
355
118
11
622
759
627
817
343
510
744
138
299
818
524
953
890
282
498
566
952
955
710
164
195
134
393
176
520
630
21
649
117
4
644
215
265
345
130
36
536
775
276
370
619
588
352
608
964
748
740
589
47
994
770
767
899
235
489
319
736
528
31
557
323
110
498
364
901
251
14
786
162
342
848
679
700
732
802
495
320
515
439
837
192
740
214
13
288
978
235
222
236
594
360
243
686
438
668
877
374
793
290
239
801
449
82
773
716
556
924
905
890
297
616
147
481
749
779
461
243
158
612
936
136
335
525
775
97
800
789
318
487
9
922
30
370
755
123
264
702
835
620
363
103
76
803
844
261
367
167
513
474
786
368
210
113
427
121
540
729
495
2
347
758
716
210
716
353
431
298
444
637
802
93
832
539
670
643
275
280
521
181
365
993
235
323
886
833
483
288
687
769
657
991
472
278
952
743
484
169
770
466
310
871
919
739
94
569
116
902
579
318
236
833
823
883
366
648
890
405
842
663
491
846
65
472
410
627
224
460
467
558
504
862
304
159
30
11
367
597
218
462
162
891
798
640
329
221
781
372
768
705
213
553
334
3
402
400
468
897
249
229
493
85
182
355
832
33
818
136
287
524
716
680
916
459
51
933
591
99
309
323
694
594
855
122
306
405
578
796
609
580
638
111
901
546
70
365
433
617
887
222
355
978
630
135
275
281
565
604
590
631
146
705
855
138
205
926
371
959
59
65
767
104
291
445
801
88
949
847
375
122
322
442
919
66
460
441
789
667
314
737
938
240
208
297
359
134
281
570
862
486
698
744
721
233
981
851
570
940
6
575
150
738
870
910
279
841
81
744
164
404
614
801
47
448
811
345
235
579
58
361
471
454
684
168
116
227
584
165
327
201
455
439
259
660
776
520
86
930
627
473
182
921
572
487
168
11
430
419
997
899
794
31
634
498
331
731
378
754
558
600
466
60
435
276
728
108
306
172
161
290
821
704
438
348
992
463
538
270
87
324
91
380
389
920
466
678
300
719
89
266
781
767
688
88
29
66
331
430
99
788
900
124
650
304
136
370
839
366
985
365
457
623
712
640
351
409
628
647
946
205
419
71
625
982
932
482
995
724
183
358
141
550
802
869
495
591
288
327
29
463
48
195
551
450
968
421
781
869
387
777
803
164
374
37
869
505
443
493
839
608
40
480
684
502
296
344
481
39
851
863
260
798
268
373
830
399
143
309
27
976
485
679
954
479
989
473
141
581
25
878
783
144
978
976
332
78
569
730
802
229
99
366
714
359
520
438
403
355
169
238
299
615
379
742
722
385
852
397
670
413
89
352
773
713
714
275
298
604
810
894
815
660
222
953
67
487
930
306
672
698
146
51
259
477
948
521
961
119
360
638
619
181
360
176
566
118
530
211
170
227
751
361
100
746
39
706
905
897
179
278
834
439
663
63
671
622
210
572
353
709
755
672
89
810
482
466
862
717
808
517
862
247
563
519
693
377
178
646
115
241
754
390
45
983
979
640
914
199
378
605
968
719
907
232
994
551
354
449
25
968
791
405
549
293
172
523
533
726
195
66
66
692
169
565
213
447
842
889
976
882
415
533
232
264
515
8
613
488
357
617
43
700
602
535
120
56
155
793
546
453
983
536
612
949
429
112
757
616
336
5
950
197
158
931
342
869
703
941
708
858
431
839
15
853
984
80
813
60
423
502
767
554
696
229
461
200
697
427
515
881
601
922
303
596
875
193
854
818
43
620
619
231
283
887
699
582
738
170
295
877
530
950
919
728
396
726
536
465
266
40
850
317
825
195
64
137
978
155
356
235
19
247
990
869
790
220
873
437
253
738
43
656
9
284
631
332
966
725
17
821
204
710
853
463
685
420
964
930
950
614
28
364
219
260
50
880
596
539
303
948
678
93
885
224
47
277
748
978
802
136
477
63
651
367
513
484
831
665
775
394
355
349
226
464
856
749
531
658
552
647
95
704
872
885
535
857
289
516
392
350
724
585
991
859
34
759
915
256
237
838
622
766
63
461
953
428
237
56
252
729
879
860
727
372
663
167
247
88
467
118
904
907
953
254
291
197
46
195
813
486
994
127
948
776
268
802
119
844
806
999
881
864
644
600
633
558
527
192
913
304
560
558
808
991
715
665
950
986
722
31
76
467
914
320
630
278
70
15
510
188
967
96
118
12
133
876
114
720
220
538
759
965
845
913
540
980
864
264
12
893
507
262
724
804
474
605
111
396
979
840
428
519
404
654
944
335
68
855
694
463
946
395
672
387
470
682
688
854
530
710
431
379
197
508
665
939
20
82
796
268
373
506
515
194
425
796
459
231
21
307
961
943
422
221
989
551
750
206
920
347
31
30
781
870
923
750
735
84
438
571
631
268
897
33
304
137
987
184
970
456
605
548
102
755
363
46
932
588
570
184
719
901
514
958
930
60
834
272
194
117
91
132
783
863
402
904
71
776
317
957
673
60
568
215
571
961
980
665
673
478
982
269
939
338
912
585
241
48
646
781
357
872
150
121
381
657
637
372
996
243
402
207
397
313
26
927
91
275
959
121
751
834
317
816
438
452
819
35
86
271
890
554
854
538
150
14
999
671
965
128
115
181
376
601
177
906
822
385
257
582
328
572
714
890
556
230
669
79
905
103
174
20
203
106
551
431
804
471
681
148
648
241
264
579
691
17
137
260
857
593
19
798
809
653
343
476
687
427
53
449
20
675
964
875
437
130
222
402
877
761
990
308
800
714
239
449
93
322
314
225
838
146
211
94
831
527
689
412
601
578
464
52
658
810
181
320
219
69
413
57
558
478
730
572
449
944
947
827
731
688
191
199
466
368
750
787
255
568
868
364
55
455
531
989
406
496
244
496
154
144
873
342
281
219
682
431
441
390
298
492
762
479
309
617
873
920
48
937
812
347
261
490
277
112
674
536
989
425
853
965
542
182
422
22
956
956
193
145
81
385
798
82
749
483
751
916
15
14
197
300
914
388
295
290
990
806
489
1
121
489
789
974
554
84
672
877
746
718
307
30
416
324
173
735
496
72
649
779
319
285
97
952
173
935
271
838
735
919
876
691
895
4
863
364
283
557
11
302
200
915
341
979
872
124
873
895
671
538
456
946
5
738
816
24
289
944
600
644
603
519
214
60
572
430
552
157
893
374
211
950
232
273
883
755
422
229
903
368
454
877
512
549
591
584
6
873
946
106
31
359
567
857
821
478
659
99
963
916
883
955
580
162
623
458
815
42
710
882
595
452
569
341
451
785
415
916
383
951
541
899
399
691
575
466
379
837
400
679
428
885
218
527
161
211
90
427
543
212
99
431
513
169
861
382
319
97
538
513
670
518
397
566
716
61
295
645
78
319
143
534
952
157
917
798
240
648
500
545
351
438
986
417
973
729
493
180
576
121
715
188
257
538
630
647
731
696
570
847
832
742
468
228
930
367
458
613
651
19
145
934
906
875
438
44
675
576
285
747
401
254
95
616
314
694
444
203
359
48
877
283
862
87
604
334
207
183
338
584
767
706
453
312
660
599
340
267
134
84
433
320
654
978
290
354
390
311
667
708
517
370
491
710
949
246
897
326
218
281
348
538
737
367
628
826
930
911
568
674
468
279
13
677
316
411
223
341
241
265
239
55
359
424
546
212
559
295
169
673
767
562
162
536
707
438
267
7
279
38
78
391
663
358
925
807
398
717
411
886
360
744
773
336
516
472
723
624
433
293
879
587
947
277
289
981
10
245
492
509
992
856
153
715
405
637
510
90
337
682
90
305
685
887
415
323
542
758
677
550
910
958
527
393
985
694
476
782
202
102
181
247
680
714
494
84
720
288
250
475
632
760
351
113
252
795
251
212
905
492
914
19
548
212
405
965
774
898
393
254
839
94
113
664
739
974
296
470
421
274
23
228
951
378
479
986
139
248
188
103
953
344
95
843
534
260
286
604
549
843
305
482
277
545
636
366
942
610
468
805
256
664
208
34
963
365
126
441
877
906
86
817
411
13
983
97
799
537
980
163
786
719
331
69
95
403
130
980
580
458
358
435
725
30
809
554
279
940
447
410
38
221
782
92
43
960
639
121
525
185
669
196
602
266
145
292
195
375
631
502
338
928
153
607
792
688
383
438
183
171
79
480
769
364
534
941
420
923
435
936
634
454
988
893
721
639
800
458
683
923
736
760
363
554
794
435
965
434
620
516
232
942
18
608
204
388
948
681
634
300
422
770
796
469
165
264
537
177
707
500
917
169
944
117
827
243
853
91
920
951
854
910
470
850
803
381
577
881
386
650
281
311
949
170
653
145
340
115
272
887
135
126
387
445
819
131
39
1000
446
836
253
772
751
442
868
201
495
291
405
319
974
782
926
206
332
61
266
1000
397
328
346
58
816
723
170
517
772
613
874
59
536
665
607
909
285
722
902
834
249
728
244
969
499
503
245
87
999
734
431
412
741
765
546
848
362
895
518
843
242
943
873
970
143
807
452
446
299
68
776
550
447
325
282
564
86
619
649
869
817
602
560
242
543
700
884
276
440
919
547
116
374
381
711
849
833
722
118
394
53
107
895
27
123
225
275
452
529
452
534
525
486
12
201
790
30
467
133
194
278
127
941
428
813
387
928
930
992
357
434
806
144
610
743
524
841
686
75
461
106
856
825
993
396
345
837
164
80
877
752
439
410
562
696
527
532
181
329
891
728
21
844
262
918
263
195
821
166
536
38
427
931
833
861
535
725
4
610
343
680
845
385
174
38
452
8
705
630
71
397
223
631
877
489
798
325
469
183
963
798
52
376
953
850
973
862
827
197
154
259
540
331
673
677
787
518
123
184
549
423
670
329
674
439
689
403
378
32
632
72
280
437
965
796
428
226
494
329
847
954
999
523
367
443
356
376
35
352
608
886
608
683
468
24
337
748
487
750
101
499
123
161
466
662
184
384
568
911
922
849
681
773
694
583
4
86
146
925
256
878
66
980
102
502
358
919
911
572
192
640
788
266
484
254
573
302
769
6
625
822
556
715
404
197
619
548
303
726
15
288
376
244
642
488
842
620
864
145
264
577
515
84
467
841
662
356
524
464
859
132
66
873
568
946
12
812
171
980
467
617
255
557
567
432
567
84
722
250
966
698
817
127
41
262
886
861
21
246
795
1
546
60
569
102
9
955
14
495
674
476
853
882
925
609
751
140
682
213
832
771
285
991
757
115
73
97
928
384
149
665
198
581
307
563
240
272
333
672
301
594
699
632
753
190
903
264
294
140
978
127
321
939
855
539
656
241
293
547
647
928
138
728
57
416
898
53
452
426
823
840
981
696
970
468
187
591
16
884
247
734
265
702
233
598
617
610
102
269
249
790
605
984
792
823
321
725
570
990
440
283
651
180
955
414
861
76
494
834
132
148
543
76
315
590
563
144
200
785
436
602
842
615
135
164
995
459
657
857
880
522
34
748
141
443
873
512
341
131
527
84
743
953
153
610
925
571
820
789
6
643
149
781
563
690
552
537
319
56
62
311
279
237
796
210
193
198
422
865
601
39
938
688
981
729
841
669
306
521
40
986
249
957
685
482
689
915
750
289
960
744
930
604
188
570
483
730
27
227
627
782
986
530
475
946
707
360
123
881
999
411
67
833
803
10
720
252
336
846
931
530
322
705
347
388
74
679
323
351
143
237
269
138
615
546
966
54
211
560
227
690
704
927
825
872
730
479
971
160
59
311
668
526
57
215
188
170
86
782
719
188
841
297
193
354
377
977
774
568
234
472
318
387
744
167
909
690
840
975
1
601
670
562
28
915
569
765
794
475
859
565
964
7
253
66
67
186
359
636
424
101
580
457
847
665
452
673
877
267
875
614
446
188
543
451
209
868
326
471
808
419
118
934
430
92
47
445
525
526
667
32
160
775
413
473
747
512
719
367
499
487
261
897
239
853
591
381
717
357
821
738
770
317
802
414
769
717
291
93
285
793
81
591
674
156
857
180
637
35
229
342
715
147
356
259
303
104
340
918
397
843
152
745
340
654
508
673
945
527
525
758
582
448
822
710
9
399
149
789
520
95
916
210
91
369
803
177
250
832
906
648
837
464
204
177
387
546
64
35
569
903
865
197
820
854
837
824
394
932
515
192
851
695
685
719
949
703
781
406
437
346
228
945
265
786
446
901
425
508
753
352
423
768
499
605
308
744
155
955
897
839
128
825
431
536
375
977
382
664
264
830
186
65
167
555
532
212
320
537
741
665
267
636
925
926
216
403
905
738
52
698
306
885
265
574
690
678
267
364
586
976
215
166
671
498
734
923
884
194
207
34
672
261
843
699
495
765
378
770
351
983
691
728
833
296
1000
56
383
829
248
51
405
667
910
553
736
361
6
989
219
464
88
187
544
779
349
16
923
857
638
238
154
981
173
123
449
726
227
197
483
224
224
972
922
270
736
300
359
497
467
237
437
466
421
704
152
848
980
9
395
503
97
444
567
229
165
5
639
674
868
936
32
835
423
41
207
523
411
290
602
831
975
351
280
404
620
326
668
808
21
560
60
57
269
471
65
470
535
252
431
200
993
518
892
228
906
832
30
424
138
471
780
583
521
470
134
787
143
841
753
710
323
291
10
853
543
356
972
338
512
282
309
932
532
922
802
149
468
387
867
536
481
600
178
996
355
576
268
994
300
636
10
391
331
900
161
14
332
702
829
726
956
260
885
122
323
576
631
547
2
303
284
999
420
304
102
739
393
600
806
693
37
667
203
623
880
504
484
104
134
233
15
333
454
510
970
407
568
805
702
489
840
600
243
985
231
812
310
632
168
777
128
872
480
258
264
225
599
27
377
263
635
570
358
852
475
212
889
390
625
965
787
564
313
98
861
370
198
703
422
471
692
672
237
423
472
966
542
370
83
601
266
48
541
644
702
175
399
666
6
98
801
258
754
552
945
697
622
95
741
565
632
347
112
442
571
990
384
275
968
197
913
190
636
645
810
228
516
289
660
19
844
25
235
650
712
672
509
993
146
90
784
139
842
656
40
585
700
370
582
596
914
159
500
110
714
36
908
453
699
607
609
565
553
462
741
993
752
65
417
22
828
841
835
492
375
308
858
954
364
638
333
973
281
788
833
532
874
344
225
611
135
349
936
723
479
478
370
418
822
719
624
228
458
215
362
853
635
969
615
233
49
901
248
923
32
600
291
294
326
429
756
75
37
510
877
664
739
115
293
129
510
869
815
446
870
336
825
529
707
347
693
562
293
301
61
33
19
142
415
407
603
23
696
201
959
439
413
385
545
547
172
219
421
904
153
986
229
24
949
908
610
791
112
169
789
634
279
403
438
459
41
506
628
586
611
111
923
867
164
883
764
264
370
883
982
148
371
314
754
812
816
771
724
753
3
721
973
166
826
30
206
938
740
540
207
339
984
411
133
664
581
200
650
336
307
494
565
812
960
435
555
638
743
218
278
165
923
464
641
78
618
605
334
465
684
337
822
844
443
129
336
352
908
45
557
830
771
55
151
981
109
873
314
884
622
667
75
902
492
945
877
447
11
741
282
233
54
878
206
11
975
828
135
39
422
94
425
823
718
938
63
779
149
921
900
561
506
772
807
937
464
303
780
500
649
961
775
833
222
333
443
571
874
768
705
651
31
527
732
701
920
300
25
865
877
452
956
601
901
641
958
338
430
967
379
121
184
525
535
267
535
219
265
400
247
474
279
509
986
475
537
629
397
352
218
340
905
233
472
8
548
197
773
68
936
318
582
274
228
614
376
540
526
963
643
727
682
349
927
636
772
760
779
436
921
739
188
568
884
195
146
698
836
572
687
764
58
126
312
675
641
752
670
71
958
883
278
346
239
757
876
338
160
17
79
717
432
936
653
240
538
982
159
148
823
155
768
69
825
652
39
680
811
237
227
433
116
278
974
743
186
799
282
276
627
817
81
532
526
643
729
233
200
934
203
656
555
77
860
653
305
292
133
774
694
59
933
806
523
583
615
736
879
791
558
654
232
54
4
685
79
257
178
647
690
982
970
788
442
727
792
429
437
882
327
384
366
870
824
977
200
348
732
499
978
551
323
107
492
738
390
468
311
685
614
525
587
339
439
539
530
276
343
764
121
73
297
74
631
257
46
839
406
503
619
819
991
46
325
256
82
714
49
286
154
132
840
280
15
802
439
793
941
584
277
876
274
495
694
992
29
504
213
484
570
982
30
844
730
125
801
840
943
826
914
741
765
393
853
683
411
621
190
579
929
600
319
930
620
687
955
766
477
760
504
907
111
51
786
483
687
386
929
744
270
142
980
551
522
656
559
211
859
977
768
947
329
599
8
681
746
636
261
176
729
44
995
793
226
811
962
282
506
960
139
548
204
322
21
975
990
870
228
308
298
554
481
727
432
273
148
399
177
572
509
923
534
313
91
426
495
762
36
503
599
476
155
504
757
986
111
129
958
614
712
114
709
492
884
249
876
195
728
693
372
465
322
1
73
418
291
569
689
772
802
373
43
473
299
447
436
114
503
297
732
837
397
592
223
891
822
823
464
1
838
738
560
440
774
456
620
251
247
123
292
877
65
1000
912
468
433
245
405
558
905
644
573
94
993
587
453
355
755
308
176
78
716
872
256
781
31
515
852
65
971
508
445
16
341
652
827
64
256
16
693
529
48
516
438
414
95
518
42
440
463
733
535
382
430
60
449
420
359
102
78
455
164
119
672
419
441
453
600
937
485
578
992
201
370
799
97
255
715
822
603
605
389
644
571
461
38
737
230
449
578
253
756
225
157
809
200
568
907
40
964
52
746
440
689
632
33
264
164
40
58
271
411
424
954
518
543
960
346
100
36
576
710
741
244
676
626
790
826
301
781
335
345
804
813
669
69
515
602
563
769
882
607
572
783
827
562
368
95
923
589
841
447
901
645
9
584
900
864
265
89
60
236
48
725
46
978
422
167
487
873
868
518
491
110
371
379
851
577
461
47
521
252
267
778
931
316
908
174
724
874
727
458
875
427
710
594
685
283
639
908
606
241
207
557
327
524
877
370
516
347
369
555
158
817
983
345
384
55
508
600
256
676
148
696
972
664
13
885
869
494
987
599
221
583
505
980
865
147
793
592
51
83
112
39
718
170
841
113
406
874
700
44
612
730
315
904
452
45
281
411
43
326
807
893
480
487
853
525
477
482
505
858
178
310
702
407
6
651
508
422
995
104
64
573
469
625
825
557
375
471
478
862
347
656
471
977
227
365
894
430
472
514
338
364
750
648
136
695
34
926
605
43
425
311
701
702
279
884
273
980
201
770
169
900
367
694
446
472
417
141
90
466
933
489
23
737
922
277
952
427
685
281
104
668
397
97
965
133
717
983
233
648
813
898
197
112
405
790
609
93
344
226
740
884
945
401
277
350
252
736
836
319
43
791
464
726
971
243
414
245
499
191
354
686
81
90
134
581
441
604
316
541
250
794
1
498
95
161
192
566
871
647
263
943
337
732
810
277
327
440
355
865
22
967
147
249
816
15
688
793
742
146
186
803
885
855
843
959
715
754
83
789
582
876
821
975
546
285
250
236
373
709
16
687
777
483
118
286
805
61
527
455
696
198
536
868
259
285
656
231
218
618
619
377
391
275
411
331
738
709
51
440
953
7
209
434
832
55
1000
185
246
216
471
698
636
403
466
372
345
658
10
670
295
196
772
363
596
754
763
200
606
112
978
924
535
160
666
310
496
696
748
725
413
659
45
328
717
573
299
190
220
720
903
479
326
276
33
338
378
731
954
536
377
43
819
637
330
108
224
679
396
521
568
638
807
667
99
444
903
321
848
374
198
164
754
128
764
55
991
608
542
820
125
808
800
785
961
646
192
417
325
673
633
798
949
234
56
341
95
170
711
770
213
626
124
562
48
252
93
328
410
569
154
295
951
684
982
366
233
908
51
681
375
440
106
572
906
626
996
810
860
813
240
372
237
515
538
590
675
167
691
115
189
186
995
440
212
137
896
974
943
475
729
25
353
376
971
798
401
684
991
697
486
963
487
916
189
543
107
363
216
701
221
300
717
334
85
333
872
81
721
30
142
670
284
29
687
477
753
704
383
692
893
100
985
831
831
396
872
298
293
654
276
802
148
872
693
946
651
792
960
82
517
73
499
577
145
504
741
843
400
902
15
909
594
601
562
829
805
451
20
447
51
683
106
522
206
66
219
738
251
886
790
998
961
659
209
161
724
944
856
302
346
77
214
500
50
34
883
633
36
930
410
723
400
438
230
497
343
758
537
961
88
491
160
995
296
312
589
809
753
871
242
18
5
536
272
580
824
35
658
703
528
334
329
17
866
107
172
436
545
169
395
627
837
811
825
139
646
541
691
975
924
570
897
739
837
283
136
410
234
602
170
11
766
628
747
486
835
909
16
989
515
518
766
349
320
249
540
364
768
205
727
476
729
309
776
917
733
138
651
57
66
713
935
41
393
856
381
229
32
521
15
169
614
121
774
875
27
890
504
16
178
708
756
198
772
643
3
228
225
898
469
430
605
197
373
53
589
364
106
91
669
363
659
76
800
310
799
960
443
738
998
181
646
431
463
41
520
866
678
501
118
598
145
445
823
434
840
211
447
14
560
164
414
719
930
650
757
442
620
809
276
157
683
829
611
745
675
952
883
588
902
506
999
186
501
488
341
300
789
271
155
937
208
931
223
424
247
384
544
264
850
201
426
423
556
94
946
510
677
768
279
62
45
752
713
227
514
910
681
822
119
838
235
745
889
948
508
148
470
520
45
188
644
964
625
475
788
723
65
507
265
60
17
931
945
139
63
12
487
449
167
853
417
474
894
235
69
276
945
661
843
863
689
403
519
304
757
190
535
655
324
810
595
145
446
297
693
24
589
129
974
861
413
917
505
256
61
890
97
799
842
983
283
554
79
816
223
935
794
388
497
136
749
289
774
226
536
522
997
681
464
423
507
207
630
722
643
548
734
474
288
832
90
352
72
731
971
319
288
741
524
417
870
241
435
748
895
220
4
987
85
292
459
184
923
203
942
384
857
331
53
183
719
731
103
114
384
296
626
180
525
111
782
824
514
590
247
485
273
658
398
416
937
323
739
146
234
236
40
594
584
919
332
534
138
141
723
395
670
259
23
628
387
496
238
718
162
883
151
970
849
681
593
204
61
676
131
353
108
335
562
221
725
253
250
458
820
130
603
37
526
953
711
338
253
245
326
527
488
212
959
518
779
532
795
28
486
281
759
887
428
503
918
965
11
210
144
375
26
373
36
132
780
71
853
226
712
657
683
839
874
604
281
678
666
776
887
933
999
168
212
482
631
769
257
854
550
664
196
402
32
283
232
958
292
912
206
200
360
665
730
530
491
937
268
28
931
497
864
736
772
627
365
757
417
840
471
275
218
173
650
902
298
311
652
141
387
815
772
753
168
33
213
43
207
782
777
38
394
570
580
532
361
384
151
381
829
769
980
721
875
331
445
639
99
478
908
518
700
802
558
624
853
532
145
703
875
975
158
984
122
791
605
316
90
89
629
988
416
39
860
901
357
824
193
737
871
851
883
589
194
339
645
490
515
750
234
602
361
360
167
924
848
334
537
819
275
60
59